0.008644614588964714	4623.810213992603	1.002282281632508	2.678913703367535e18	5.144305997552954e16	0.9788403042209914	0.055348523839116016	1.0000000000000049	1.0000000000000004	0.40630274496219765
0.008644614588964714	4634.46919736288	1.0061457719429918	2.650169641778855e18	5.116842798908152e16	0.9788949785647696	0.05518145274046706	1.000000000000024	0.9999999999999595	0.40439901692866065
0.008644614588964714	4645.152752227492	1.009985501686725	2.6220725461430036e18	5.09014265511022e16	0.9789494068323386	0.055014907606663395	1.0000000000000175	0.9999999999999645	0.4024483043291413
0.008644614588964714	4655.860935229591	1.0138023081187035	2.5945979789748e18	5.064169784239174e16	0.9790035894414412	0.05484888685027465	0.9999999999999931	0.9999999999999678	0.40045483882298627
0.008644614588964714	4666.593803142887	1.017596988281554	2.5677228215629384e18	5.03889054462283e16	0.9790575268170212	0.05468338888617667	1.0000000000000064	0.9999999999999719	0.3984225804320538
0.008644614588964714	4677.351412871981	1.021370301587163	2.54142518215155e18	5.0142732816647016e16	0.9791112193908593	0.054518412131670906	1.0000000000000033	0.9999999999999744	0.39635523369878484
0.008644614588964714	4688.13382145265	1.0251229721965354	2.5156843118617815e18	4.990288187392843e16	0.9791646676012047	0.054353955006583236	1.0000000000000198	0.9999999999999754	0.3942562630016976
0.008644614588964714	4698.941086052156	1.028855691216094	2.4904805275952573e18	4.966907171524918e16	0.9792178718923794	0.05419001593337325	0.9999999999999973	0.9999999999999795	0.39212890705328496
0.008644614588964714	4709.77326396953	1.0325691187270767	2.4657951412442286e18	4.9441037429720504e16	0.9792708327144443	0.05402659333722	1.	0.9999999999999806	0.38997619260766986
0.008644614588964714	4720.630412635905	1.0362638856628485	2.4416103946071567e18	4.921852900818417e16	0.9793235505229028	0.0538636856461245	1.000000000000009	0.9999999999999805	0.38780094740737936
0.008644614588964714	4731.512589614803	1.0399405955472443	2.417909399475531e18	4.900131033914959e16	0.9793760257783449	0.05370129129098951	1.000000000000006	0.999999999999984	0.38560581239987396
0.008644614588964714	4742.419852602448	1.043599826106249	2.3946760824108334e18	4.8789158283113256e16	0.9794282589461902	0.053539408705699884	1.0000000000000182	0.9999999999999857	0.38339325325497026
0.008644614588964714	4753.352259428054	1.0472421307635467	2.3718951337852575e18	4.858186181831562e16	0.9794802504963606	0.05337803632720386	1.0000000000000155	0.9999999999999869	0.3811655712149988
0.008644614588964714	4764.309868054156	1.050868040029948	2.34955196070039e18	4.8379221251660296e16	0.9795320009030655	0.053217172595581744	0.9999999999999998	0.9999999999999869	0.37892491330905487
0.008644614588964714	4775.2927365769065	1.0544780627952655	2.327632643440797e18	4.81810474891605e16	0.9795835106444836	0.053056815954112865	0.9999999999999993	0.9999999999999883	0.3766732819629415
0.008644614588964714	4786.300923226385	1.0580726875224593	2.3061238952841293e18	4.798716136219075e16	0.9796347802027852	0.05289696484892676	1.000000000011329	0.9999999999204247	0.37441254398408597
0.008644614588964714	4797.334486366892	1.061652383402051	2.2850130245841382e18	4.7797392996541336e16	0.9796858100629978	0.05273761773075105	1.0000000000107734	0.9999999999247965	0.37214443926173363
0.008644614588964714	4808.393484497285	1.0652176013452828	2.2642879009069322e18	4.761158124132899e16	0.9797366007141199	0.052578773052395715	1.0000000000103726	0.9999999999282179	0.3698705884283
0.008644614588964714	4819.477976251272	1.0687687749942878	2.243936922254594e18	4.742957312534161e16	0.9797871526480112	0.05242042927055949	1.0000000000098672	0.9999999999322471	0.3675925005671748
0.008644614588964714	4830.5880203977285	1.0723063216238458	2.2239489852568028e18	4.7251223359232376e16	0.9798374663594367	0.0522625848454098	1.0000000000094489	0.9999999999355605	0.3653115801878375
0.008644614588964714	4841.723675840994	1.0758306429938298	2.2043134572796362e18	4.7076393871386344e16	0.9798875423458538	0.05210523824065876	1.0000000000090024	0.9999999999391189	0.3630291338290073
0.008644614588964714	4852.88500162121	1.079342126145748	2.1850201504577715e18	4.690495337644471e16	0.979937381107236	0.0519483879235859	1.0000000000086104	0.9999999999421402	0.36074637624820904
0.008644614588964714	4864.072056914614	1.0828411441497803	2.1660592974673677e18	4.673677697361881e16	0.9799869831459319	0.05179203236509117	1.0000000000082936	0.9999999999445607	0.3584644362311505
0.008644614588964714	4875.284901033865	1.0863280568045146	2.1474215289192666e18	4.6571745772618296e16	0.9800363489664422	0.05163617003973294	1.0000000000079694	0.9999999999471559	0.356184362038553
0.008644614588964714	4886.523593428336	1.0898032112932234	2.129097852242973e18	4.640974654502579e16	0.98008547907533	0.05148079942576	1.0000000000075973	0.9999999999498963	0.3539071265120492
0.008644614588964714	4897.7881936844615	1.0932669428002684	2.1110796319403727e18	4.625067139910003e16	0.9801343739810299	0.051325919005138415	1.0000000000073201	0.9999999999521517	0.3516336318620398
0.008644614588964714	4909.078761526029	1.0967195750902379	2.0933585711062523e18	4.609441747623675e16	0.9801830341937202	0.051171527263598755	1.0000000000070568	0.9999999999541983	0.34936471415660786
0.008644614588964714	4920.395356814511	1.100161421052334	2.0759266941249152e18	4.594088666750289e16	0.9802314602252096	0.05101762269065515	1.0000000000067641	0.9999999999562472	0.34710114752736665
0.008644614588964714	4931.738039549359	1.1035927832125283	2.0587763304510316e18	4.578998534870011e16	0.9802796525887695	0.05086420377962909	1.0000000000064744	0.9999999999582867	0.34484364811180446
0.008644614588964714	4943.106869868354	1.1070139542159674	2.0419000993947807e18	4.564162413258749e16	0.9803276117990525	0.05071126902767871	1.00000000000626	0.999999999959898	0.34259287774771924
0.008644614588964714	4954.5019080479005	1.1104252172815205	2.025290895836712e18	4.549571763698863e16	0.9803753383719538	0.05055881693582745	1.0000000000060147	0.999999999961645	0.3403494474364524
0.008644614588964714	4965.923214503363	1.113826846630126	2.0089418768120092e18	4.535218426769406e16	0.9804228328245373	0.05040684600897373	1.0000000000057985	0.999999999963225	0.33811392058614587
0.008644614588964714	4977.37084978936	1.1172191078892288	1.9928464488924626e18	4.521094601499889e16	0.9804700956748754	0.05025535475591949	1.0000000000055833	0.9999999999647824	0.3358868160528791
0.008644614588964714	4988.844874600121	1.1206022584744708	1.976998256317813e18	4.507192826297618e16	0.9805171274420135	0.05010434168938576	1.0000000000053535	0.9999999999662587	0.3336686109891853
0.008644614588964714	5000.345349769783	1.1239765479503216	1.961391169820031e18	4.493505961054684e16	0.9805639286458271	0.04995380532602388	1.0000000000051967	0.9999999999674615	0.33145974351376434
0.008644614588964714	5011.872336272725	1.1273422183711008	1.9460192760926533e18	4.480027170351437e16	0.980610499806959	0.04980374418644409	1.0000000000049791	0.9999999999689528	0.32926061521374705
0.008644614588964714	5023.4258952238715	1.1306995046032702	1.9308768678667308e18	4.466749907685513e16	0.9806568414467469	0.04965415679521243	1.000000000004806	0.9999999999702108	0.3270715934879284
0.008644614588964714	5035.006087879047	1.1340486346309004	1.9159584345422874e18	4.453667900646398e16	0.9807029540871031	0.049505041680876785	1.0000000000046507	0.9999999999711912	0.32489301374470253
0.008644614588964714	5046.612975635282	1.1373898298448255	1.9012586533461893e18	4.440775136977932e16	0.9807488382504831	0.049356397375973936	1.000000000004446	0.9999999999726261	0.32272518146118406
0.008644614588964714	5058.246620031143	1.1407233053162034	1.8867723809845366e18	4.428065851471252e16	0.9807944944597825	0.04920822241703262	1.0000000000043328	0.9999999999734044	0.3205683741113824
0.008644614588964714	5069.907082747044	1.1440492700568692	1.8724946457406956e18	4.41553451361757e16	0.9808399232382804	0.04906051534459878	1.0000000000041662	0.9999999999744543	0.3184228429770776
0.008644614588964714	5081.594425605605	1.1473679272653168	1.8584206400141146e18	4.403175815991434e16	0.980885125109572	0.04891327470322467	1.0000000000040727	0.9999999999752505	0.31628881484099836
0.008644614588964714	5093.308710571952	1.1506794745609592	1.8445457132491272e18	4.390984663296094e16	0.9809301005975156	0.04876649904149582	1.0000000000039078	0.999999999976302	0.3141664935773538
0.008644614588964714	5105.049999754065	1.1539841042060501	1.830865365246579e18	4.3789561620430616e16	0.9809748502261545	0.04862018691201591	1.0000000000038067	0.9999999999770962	0.312056061640188
0.008644614588964714	5116.818355403078	1.1572820033170974	1.8173752398199534e18	4.3670856108121736e16	0.9810193745196883	0.04847433687143292	1.0000000000036664	0.9999999999778967	0.3099576814609302
0.008644614588964714	5128.613839913648	1.1605733540654894	1.8040711187863122e18	4.355368491064683e16	0.9810636740023765	0.04832894748042763	1.0000000000035438	0.9999999999786495	0.3078714967569228
0.008644614588964714	5140.436515824259	1.1638583338685191	1.7909489162636027e18	4.343800458467406e16	0.9811077491985408	0.048184017303727865	1.000000000003396	0.9999999999795246	0.3057976337592909
0.008644614588964714	5152.286445817567	1.1671371155710426	1.7780046732609004e18	4.332377334699778e16	0.9811516006324832	0.04803954491010164	1.0000000000033427	0.9999999999799983	0.3037362023633274
0.008644614588964714	5164.163692720711	1.1704098676187655	1.7652345525372e18	4.3210950997076824e16	0.9811952288284431	0.04789552887237515	1.000000000003242	0.9999999999805463	0.30168729720881543
0.008644614588964714	5176.068319505676	1.1736785736310422	1.7526203562171855e18	4.309946206000361e16	0.9812386186988294	0.04775197174106171	1.0000000000006963	0.9999999999958318	0.29964977787410757
0.008644614588964714	5188.000389289609	1.1769379355178995	1.740201908673411e18	4.2989379636430184e16	0.9812818176028218	0.04760886017615173	1.0000000000030154	0.9999999999820672	0.29762737391109234
0.008644614588964714	5199.959965335162	1.1801935677101127	1.7279322770684099e18	4.288055749867745e16	0.9813247792290605	0.047466204683549305	1.0000000000029654	0.9999999999823792	0.2956164775639333
0.008644614588964714	5211.947111050806	1.1834438032222816	1.7158225421974618e18	4.277299786702248e16	0.9813675197128509	0.04732399987864081	1.0000000000028473	0.9999999999830214	0.2936183527763252
0.008644614588964714	5223.9618899911975	1.186688790829045	1.703869406973305e18	4.266666743179112e16	0.981410039577541	0.047182244354499456	1.0000000000027691	0.9999999999835741	0.29163303188746414
0.008644614588964714	5236.0043658575005	1.1899286757876197	1.692069670120859e18	4.256153408148562e16	0.9814523393461643	0.04704093670825409	1.0000000000027	0.9999999999840493	0.28966053718476364
0.008644614588964714	5248.074602497728	1.1931635999622865	1.6804202225498898e18	4.2457566850000024e16	0.9814944195414631	0.04690007554108137	1.000000000002589	0.9999999999846938	0.2877008815928094
0.008644614588964714	5260.172663907063	1.1963937019432798	1.668918043898742e18	4.2354735866572424e16	0.9815362806857959	0.04675965945820145	1.0000000000025082	0.9999999999850057	0.2857540693192051
0.008644614588964714	5272.298614228227	1.1996191171608845	1.6575601992329825e18	4.2253012308261256e16	0.9815779233011486	0.046619687068881276	1.0000000000024187	0.9999999999855588	0.2838200964620203
0.008644614588964714	5284.452517751803	1.2028399779938732	1.646343835902685e18	4.215236835489603e16	0.9816193479090981	0.046480156986425	1.0000000000023932	0.9999999999859095	0.2818989515775905
0.008644614588964714	5296.634438916581	1.2060564138740288	1.6352661805354719e18	4.205277714624472e16	0.9816605550307868	0.04634106782818145	1.0000000000023261	0.9999999999863189	0.2799906162151455
0.008644614588964714	5308.8444423098845	1.2092685513856805	1.6243245361701606e18	4.195421274136796e16	0.9817015451868879	0.0462024182155286	1.0000000000022533	0.9999999999866709	0.27809506541699697
0.008644614588964714	5321.082592667942	1.2124765143613294	1.6135162795151726e18	4.185665007996831e16	0.9817423188975858	0.04606420677387515	1.000000000002171	0.9999999999872184	0.276212268188734
0.008644614588964714	5333.348954876208	1.2156804239729586	1.6028388583316234e18	4.176006494567381e16	0.9817828766825627	0.0459264321326548	1.0000000000021292	0.9999999999874221	0.2743421879393572
0.008644614588964714	5345.643593969719	1.2188803988200805	1.5922897889259727e18	4.166443393107764e16	0.9818232190609631	0.04578909292532596	1.0000000000020526	0.9999999999878136	0.2724847828958206
0.008644614588964714	5357.966575133417	1.2220765550135262	1.5818666537581064e18	4.156973440453003e16	0.9818633465513888	0.045652187789360074	1.0000000000019862	0.999999999988139	0.270640006489952
0.008644614588964714	5370.317963702527	1.2252690062563127	1.5715670991474755e18	4.1475944478491496e16	0.9819032596718456	0.045515715366240383	1.0000000000019338	0.9999999999885372	0.2688078077230947
0.008644614588964714	5382.697825162882	1.228457863920884	1.5613888330808724e18	4.138304297943222e16	0.9819429589397893	0.04537967430145556	1.0000000000019216	0.9999999999886201	0.26698813150703743
0.008644614588964714	5395.1062251512785	1.231643237123787	1.551329623108385e18	4.129100941912551e16	0.9819824448720249	0.04524406324449939	1.0000000000018219	0.9999999999892316	0.26518091898525403
0.008644614588964714	5407.5432294558095	1.234825232796391	1.5413872943366057e18	4.119982396736752e16	0.9820217179847508	0.04510888084884877	1.0000000000018214	0.9999999999893041	0.26338610783168853
0.008644614588964714	5420.008904016238	1.2380039557541576	1.531559727493419e18	4.11094674258802e16	0.9820607787935297	0.04497412577198016	1.000000000001762	0.999999999989582	0.26160363253458657
0.008644614588964714	5432.503314924331	1.2411795087620185	1.5218448570840576e18	4.101992120352015e16	0.9820996278132529	0.04483979667534468	1.000000000001705	0.9999999999898057	0.25983342465928405
0.008644614588964714	5445.026528424214	1.2443519925979134	1.5122406696156867e18	4.093116729257711e16	0.9821382655581583	0.04470589222436933	1.0000000000016538	0.9999999999901251	0.2580754130968469
0.008644614588964714	5457.57861091271	1.2475215061134894	1.502745201898186e18	4.0843188246191704e16	0.9821766925417632	0.04457241108844931	1.000000000001616	0.9999999999902855	0.25632952429617056
0.008644614588964714	5470.159628939716	1.250688146292938	1.4933565394102054e18	4.0755967156779336e16	0.9822149092769359	0.04443935194094124	1.0000000000016114	0.9999999999903868	0.2545956824822006
0.008644614588964714	5482.769649208536	1.2538520083091795	1.4840728147330135e18	4.06694876354474e16	0.9822529162757883	0.04430671345915841	1.0000000000015579	0.999999999990749	0.25287380986033436
0.008644614588964714	5495.408738576249	1.2570131855779976	1.474892206047379e18	4.058373379234733e16	0.9822907140497402	0.04417449432435609	1.0000000000015223	0.999999999990899	0.2511638268073296
0.008644614588964714	5508.076964054036	1.2601717698105175	1.4658129356858609e18	4.0498690217873016e16	0.9823283031094512	0.04404269322173011	1.000000000001514	0.9999999999910147	0.2494656520516051
0.008644614588964714	5520.774392807573	1.263327851063487	1.4568332687444787e18	4.0414341964715704e16	0.9823656839648579	0.043911308840414	1.000000000001398	0.9999999999916347	0.24777920284127292
0.008644614588964714	5533.501092157366	1.2664815177872644	1.4479515117516083e18	4.033067453073629e16	0.9824028571251274	0.04378033987345099	1.0000000000014226	0.9999999999915336	0.2461043951006389
0.008644614588964714	5546.25712957911	1.2696328568735098	1.4391660113762929e18	4.0247673842494056e16	0.9824398230986717	0.043649785017820956	1.0000000000012497	0.9999999999924466	0.24444114358025157
0.008644614588964714	5559.042572704037	1.2727819536987952	1.4304751532057162e18	4.016532623964842e16	0.9824765823931249	0.04351964297438689	1.0000000000012699	0.9999999999921483	0.24278936199151574
0.008644614588964714	5571.857489319298	1.2759288921697851	1.4218773605430254e18	4.008361845982832e16	0.9825131355153192	0.04338991244793537	1.000000000001167	0.9999999999929559	0.24114896314051915
0.008644614588964714	5584.701947368307	1.2790737547662911	1.413371093254736e18	4.0002537624184456e16	0.9825494829712582	0.043260592147207726	0.9999999999987517	1.0000000000076794	0.23951985905228934
0.008644614588964714	5597.576014951104	1.2822166225678508	1.4049548467834266e18	3.992207122452867e16	0.9825856252664212	0.04313168078451235	1.0000000000012659	0.9999999999924639	0.23790196104890585
0.008644614588964714	5610.479760324706	1.2853575753228066	1.3966271508433034e18	3.984220710821215e16	0.9826215629050253	0.043003177076525304	1.0000000000012603	0.9999999999923136	0.2362951799316898
0.008644614588964714	5623.413251903491	1.2884966914552647	1.3883865686499845e18	3.976293346749209e16	0.9826572963907969	0.0428750797434556	1.0000000000012261	0.999999999992571	0.23469942600250288
0.008644614588964714	5636.376558259543	1.2916340481166515	1.3802316958131374e18	3.968423882645114e16	0.9826928262265502	0.042747387509453054	1.0000000000011804	0.99999999999278	0.23311460919506719
0.008644614588964714	5649.369748123028	1.2947697212181102	1.3721611594118833e18	3.9606112029588296e16	0.9827281529142793	0.042620099102516094	1.0000000000011546	0.9999999999930386	0.23154063915426848
0.008644614588964714	5662.3928903825345	1.2979037854641815	1.3641736170830764e18	3.952854223071845e16	0.9827632769551548	0.042493213254486434	1.000000000001114	0.9999999999932084	0.229977425316591
0.008644614588964714	5675.446054085472	1.3010363143857535	1.356267756139684e18	3.945151888230804e16	0.9827981988494824	0.04236672870103488	1.0000000000010614	0.9999999999934616	0.22842487698573338
0.008644614588964714	5688.529308438413	1.30416738037162	1.3484422927227807e18	3.937503172526323e16	0.9828329190967646	0.04224064418165364	1.0000000000010723	0.999999999993478	0.2268829034025207
0.008644614588964714	5701.642722807478	1.3072970546992653	1.3406959709806766e18	3.929907077910877e16	0.9828674381956216	0.04211495843965396	1.0000000000010318	0.9999999999934954	0.22535141381103121
0.008644614588964714	5714.786366718672	1.3104254075645299	1.3330275622789722e18	3.9223626332580984e16	0.9829017566438367	0.0419896702221472	1.0000000000010019	0.9999999999937186	0.22383031751927498
0.008644614588964714	5727.960309858292	1.3135525081100303	1.3254358644384863e18	3.914868893459807e16	0.9829358749383383	0.04186477828004122	1.0000000000009797	0.999999999993853	0.2223195239559076
0.008644614588964714	5741.164622073275	1.3166784244531657	1.3179197009971407e18	3.907424938557192e16	0.9829697935751908	0.04174028136802931	1.0000000000009974	0.9999999999938279	0.22081894272341268
0.008644614588964714	5754.399373371572	1.3198032237130228	1.3104779204981596e18	3.900029872907008e16	0.9830035130495859	0.041616178244586924	1.0000000000009621	0.9999999999940196	0.21932848364738128
0.008644614588964714	5767.664633922509	1.3229269720361239	1.3031093958046298e18	3.892682824382224e16	0.9830370338558655	0.04149246767195184	1.000000000000936	0.999999999994157	0.21784805682160352
0.008644614588964714	5780.960474057181	1.3260497346218292	1.295813023434033e18	3.8853829436012056e16	0.9830703564874848	0.041369148416122666	1.0000000000009195	0.9999999999942775	0.21637757265089788
0.008644614588964714	5794.286964268809	1.3291715757466742	1.2885877229170217e18	3.878129403188377e16	0.98310348143703	0.04124621924684821	1.0000000000008982	0.9999999999944376	0.21491694189019486
0.008644614588964714	5807.644175213124	1.3322925587879242	1.2814324361776878e18	3.870921397063308e16	0.9831364091962057	0.041123678937616606	1.0000000000008655	0.999999999994506	0.21346607568079048
0.008644614588964714	5821.032177708716	1.3354127462466463	1.2743461269331082e18	3.863758139756158e16	0.9831691402558442	0.04100152626564592	1.000000000000859	0.9999999999945777	0.21202488558407545
0.008644614588964714	5834.451042737448	1.3385321997697148	1.267327780114315e18	3.856638865750289e16	0.9832016751058905	0.04087976001187704	1.0000000000008393	0.999999999994646	0.21059328361245117
0.008644614588964714	5847.900841444806	1.341650980171514	1.2603764013049298e18	3.8495628288489336e16	0.9832340142354029	0.0407583789609617	1.0000000000008373	0.9999999999947444	0.20917118225788672
0.008644614588964714	5861.381645140291	1.3447691474546128	1.253491016199068e18	3.842529301566282e16	0.9832661581325544	0.04063738190125527	1.0000000000007958	0.9999999999948657	0.20775849451828157
0.008644614588964714	5874.893525297769	1.3478867608302059	1.2466706700759508e18	3.835537574540902e16	0.9832981072846332	0.04051676762480346	1.000000000000791	0.9999999999949519	0.2063551339214942
0.008644614588964714	5888.43655355589	1.351003878737565	1.239914427291883e18	3.828586955971125e16	0.9833298621780278	0.04039653492733783	1.0000000000007567	0.9999999999950695	0.20496101454769278
0.008644614588964714	5902.010801718442	1.3541205588632315	1.233221370788473e18	3.821676771071524e16	0.9833614232982372	0.040276682608260714	1.0000000000007658	0.9999999999951112	0.20357605104935778
0.008644614588964714	5915.616341754743	1.3572368581594594	1.226590601615919e18	3.8148063615488024e16	0.9833927911298801	0.04015720947064331	1.0000000000007339	0.9999999999951866	0.20220015867001181
0.008644614588964714	5929.2532458	1.3603528328621382	1.2200212384721905e18	3.807975085097597e16	0.9834239661566562	0.0400381143212058	1.0000000000007327	0.9999999999952756	0.20083325326080473
0.008644614588964714	5942.921586155727	1.3634685385082808	1.2135124172560174e18	3.801182314914041e16	0.9834549488613892	0.03991939597031821	1.0000000000007276	0.9999999999953377	0.19947525129582408
0.008644614588964714	5956.621435290103	1.3665840299351235	1.2070632907247757e18	3.7944274392416424e16	0.9834857397262552	0.0398010532319229	1.0000000000006908	0.999999999995411	0.19812606989419218
0.008644614588964714	5970.352865838372	1.3696993613684136	1.200673027707113e18	3.7877098608602376e16	0.9835163392317401	0.0396830849237718	1.0000000000006821	0.9999999999954816	0.1967856267987803
0.008644614588964714	5984.115950603199	1.3728145863294554	1.1943408132555313e18	3.781028996740409e16	0.9835467478582358	0.0395654898670481	1.0000000000006597	0.9999999999955516	0.19545384043836195
0.008644614588964714	5997.910762555094	1.3759297577240683	1.188065847874459e18	3.7743842775622344e16	0.9835769660849635	0.039448266886601954	1.000000000000657	0.9999999999956146	0.19413062990298696
0.008644614588964714	6011.737374832779	1.3790449278391363	1.181847347233741e18	3.767775147325323e16	0.983606994390251	0.03933141481088319	1.000000000000652	0.9999999999956803	0.19281591496141542
0.008644614588964714	6025.5958607435805	1.382160148357188	1.1756845417982303e18	3.761201062957721e16	0.9836368332515069	0.03921493247192715	1.0000000000006384	0.9999999999957463	0.19150961606880906
0.008644614588964714	6039.4862937638	1.3852754703707182	1.1695766764681733e18	3.754661493938358e16	0.9836664831452587	0.039098818705346254	1.0000000000006362	0.9999999999957928	0.19021165437330584
0.008644614588964714	6053.408747539136	1.3883909443960463	1.1635230102304666e18	3.7481559219325736e16	0.9836959445471214	0.03898307235032262	1.0000000000006093	0.9999999999958571	0.18892195172177517
0.008644614588964714	6067.363295885053	1.3915066203867932	1.1575228158203822e18	3.7416838404404104e16	0.9837252179318093	0.038867692249593744	1.0000000000006066	0.9999999999959245	0.1876404306645848
0.008644614588964714	6081.350012787182	1.394622547746977	1.1515753793931813e18	3.735244754456826e16	0.9837543037731405	0.03875267724944807	1.0000000000005975	0.9999999999959943	0.18636701445961085
0.008644614588964714	6095.368972401694	1.3977387753437873	1.1456800002053882e18	3.728838180143609e16	0.983783202544024	0.03863802619971177	1.0000000000005846	0.9999999999960361	0.18510162707544423
0.008644614588964714	6109.420249055721	1.4008553515200417	1.1398359903052059e18	3.722463644512243e16	0.9838119147164759	0.03852373795373986	1.0000000000005742	0.9999999999960993	0.18384419319390405
0.008644614588964714	6123.503917247734	1.4039723241062176	1.1340426742323341e18	3.716120685117852e16	0.9838404407616037	0.03840981136840752	1.0000000000005544	0.9999999999961487	0.1825946382118152
0.008644614588964714	6137.620051647946	1.407089740432279	1.1282993887259424e18	3.709808849763033e16	0.9838687811496221	0.038296245304098364	1.0000000000005482	0.9999999999962014	0.18135288824219464
0.008644614588964714	6151.7687270986835	1.4102076473390948	1.1226054824414548e18	3.703527696211879e16	0.983896936349835	0.03818303862469748	1.0000000000005485	0.9999999999962562	0.18011887011485878
0.008644614588964714	6165.9500186148225	1.4133260911896122	1.1169603156751441e18	3.6972767919133704e16	0.9839249068306545	0.03807019019758039	1.000000000000534	0.9999999999963044	0.1788925113764476
0.008644614588964714	6180.164001384158	1.4164451178797428	1.1113632600966508e18	3.691055713733916e16	0.9839526930595917	0.0379576988936015	1.0000000000005433	0.999999999996354	0.17767374028994312
0.008644614588964714	6194.410750767812	1.419564772848921	1.1058136984890872e18	3.684864047698785e16	0.9839802955032579	0.037845563587088835	1.0000000000005418	0.999999999996385	0.1764624858337039
0.008644614588964714	6208.690342300638	1.4226851010904487	1.1003110244962964e18	3.678701388741832e16	0.984007714627369	0.03773378315583108	1.000000000000506	0.9999999999964398	0.1752586777001081
0.008644614588964714	6223.002851691595	1.425806147161575	1.0948546423773105e18	3.672567340463587e16	0.9840349508967322	0.03762235648106633	1.000000000000509	0.9999999999964917	0.17406224629363815
0.008644614588964714	6237.348354824191	1.4289279551932235	1.0894439667676421e18	3.666461514897015e16	0.9840620047752798	0.03751128244747877	1.000000000000486	0.9999999999965352	0.17287312272875666
0.008644614588964714	6251.726927756862	1.4320505688996326	1.0840784224469665e18	3.660383532280828e16	0.9840888767260272	0.03740055994318161	1.0000000000004867	0.9999999999965772	0.17169123882729478
0.008644614588964714	6266.138646723356	1.4351740315875972	1.0787574441134543e18	3.654333020840181e16	0.9841155672110972	0.03729018785971354	1.0000000000004803	0.9999999999966143	0.17051652711557588
0.008644614588964714	6280.58358813318	1.4382983861656145	1.0734804761640383e18	3.648309616574199e16	0.984142076691737	0.037180165092025035	1.0000000000004865	0.9999999999966639	0.16934892082119096
0.008644614588964714	6295.061828571975	1.4414236751526879	1.0682469724808637e18	3.642312963050424e16	0.9841684056282773	0.03707049053847154	1.000000000000476	0.999999999996705	0.168188353869496
0.008644614588964714	6309.57344480193	1.4445499406870268	1.063056396223284e18	3.6363427112055496e16	0.9841945544801789	0.03696116310080164	1.0000000000004623	0.999999999996743	0.16703476087985109
0.008644614588964714	6324.118513762197	1.447677224534465	1.057908219625633e18	3.630398519152555e16	0.9842205237059892	0.03685218168414881	1.000000000000452	0.9999999999967791	0.16588807716162812
0.008644614588964714	6338.69711256927	1.4508055680966327	1.0528019238003939e18	3.624480051993844e16	0.984246313763379	0.03674354519702145	1.0000000000004383	0.9999999999968221	0.16474823870998612
0.008644614588964714	6353.309318517436	1.4539350124190682	1.0477369985464791e18	3.618586981640132e16	0.984271925109127	0.03663525255129243	1.0000000000004514	0.999999999996855	0.16361518220139412
0.008644614588964714	6367.955209079162	1.457065598199024	1.0427129421626926e18	3.612718986634955e16	0.9842973581991338	0.03652730266219411	1.0000000000004285	0.9999999999968933	0.16248884498906602
0.008644614588964714	6382.634861905489	1.4601973657930876	1.0377292612661367e18	3.6068757519846536e16	0.9843226134883966	0.0364196944483011	1.000000000000408	0.9999999999969258	0.16136916509809962
0.008644614588964714	6397.348354826482	1.4633303552247292	1.0327854706152215e18	3.6010569689934172e16	0.9843476914310453	0.03631242683152597	1.0000000000004214	0.9999999999969609	0.16025608122056564
0.008644614588964714	6412.095765851615	1.4664646061914817	1.0278810929375636e18	3.5952623351035196e16	0.9843725924803054	0.036205498737110126	1.00000000000042	0.9999999999969937	0.1591495327103903
0.008644614588964714	6426.877173170194	1.4696001580722036	1.0230156587619852e18	3.589491553740234e16	0.9843973170885486	0.03609890909361245	1.00000000000041	0.999999999997031	0.15804945957810482
0.008644614588964714	6441.692655151775	1.4727370499339514	1.018188706255207e18	3.5837443341615692e16	0.984421865707238	0.03599265683289947	1.000000000000401	0.9999999999970617	0.15695580248551702
0.008644614588964714	6456.542290346556	1.4758753205387802	1.0133997810625024e18	3.578020391312416e16	0.9844462387869739	0.03588674089013689	1.0000000000003921	0.9999999999970941	0.15586850274024489
0.008644614588964714	6471.426157485831	1.4790150083504372	1.008648436152538e18	3.572319445683101e16	0.984470436777475	0.03578116020378053	1.0000000000003781	0.9999999999971246	0.15478750229016944
0.008644614588964714	6486.344335482381	1.4821561515408341	1.0039342316660756e18	3.5666412231721156e16	0.9844944601275818	0.03567591371556572	1.0000000000003721	0.9999999999971545	0.15371274371777693
0.008644614588964714	6501.296903430909	1.4852987879963646	9.992567347686516e17	3.5609854549529452e16	0.9845183092852628	0.0355710003704991	1.0000000000003564	0.9999999999971841	0.1526441702344877
0.008644614588964714	6516.283940608428	1.4884429553241745	9.94615519506746e17	3.5553518773447624e16	0.9845419846976005	0.03546641911684721	1.0000000000003824	0.9999999999972162	0.15158172567481495
0.008644614588964714	6531.305526474723	1.4915886908581362	9.90010166667841e17	3.5497402316869988e16	0.9845654868108328	0.03536216890613148	1.0000000000003864	0.9999999999972393	0.15052535449060078
0.008644614588964714	6546.361740672747	1.4947360316648766	9.854402636436498e17	3.5441502642174284e16	0.984588816070302	0.03525824869311436	1.0000000000003724	0.9999999999972691	0.14947500174507095
0.008644614588964714	6561.452663029057	1.4978850145495266	9.809054042970127e17	3.5385817259539516e16	0.9846119729204859	0.03515465743578983	1.00000000000039	0.9999999999972988	0.14843061310694367
0.008644614588964714	6576.578373554205	1.5010356760613737	9.764051888319808e17	3.5330343725797068e16	0.9846349578050185	0.035051394095380606	1.0000000000003446	0.999999999997324	0.14739213484446448
0.008644614588964714	6591.738952443213	1.5041880524994977	9.719392236669843e17	3.527507964331444e16	0.984657771166631	0.034948457636317126	1.0000000000003644	0.9999999999973507	0.14635951381938003
0.008644614588964714	6606.934480075957	1.507342179918088	9.675071213113636e17	3.5220022658912216e16	0.9846804134472175	0.03484584702624181	1.000000000000359	0.9999999999973784	0.1453326974810091
0.008644614588964714	6622.165037017622	1.510498094131864	9.631085002446194e17	3.51651704628105e16	0.9847028850877964	0.034743561235990005	1.0000000000003553	0.9999999999974039	0.1443116338601218
0.008644614588964714	6637.43070401909	1.5136558307211947	9.58742984798831e17	3.5110520787606216e16	0.9847251865285523	0.03464159923958434	1.0000000000003624	0.9999999999974301	0.14329627156298338
0.008644614588964714	6652.731562017413	1.5168154250372075	9.544102050437888e17	3.5056071407278844e16	0.984747318208772	0.03453996001422623	1.0000000000003388	0.999999999997455	0.14228655976527313
0.008644614588964714	6668.067692136218	1.519976912206838	9.501097966748312e17	3.5001820136223684e16	0.984769280566916	0.034438642540283344	1.0000000000003433	0.9999999999974775	0.14128244820604274
0.008644614588964714	6683.439175686149	1.5231403271375827	9.458414009035852e17	3.494776482831324e16	0.9847910740405779	0.03433764580128551	1.00000000000031	0.9999999999975019	0.14028388718172002
0.008644614588964714	6698.846094165266	1.5263057045224133	9.416046643510095e17	3.4893903375983496e16	0.9848126990664945	0.03423696878390891	1.0000000000003257	0.9999999999975244	0.13929082754001573
0.008644614588964714	6714.288529259523	1.529473078844346	9.373992389432553e17	3.4840233709346388e16	0.9848341560805632	0.03413661047797424	1.000000000000348	0.9999999999975497	0.1383032206739785
0.008644614588964714	6729.766562843175	1.532642484381015	9.332247818098685e17	3.478675379532668e16	0.9848554455178237	0.034036569876434435	1.0000000000002953	0.99999999999757	0.13732101851597586
0.008644614588964714	6745.280276979222	1.5358139552093364	9.290809551841737e17	3.473346163682121e16	0.9848765678124718	0.03393684597535955	1.0000000000003235	0.9999999999975954	0.13634417353166578
0.008644614588964714	6760.829753919819	1.5389875252096523	9.249674263064694e17	3.4680355271883692e16	0.9848975233978444	0.03383743777394032	1.0000000000003186	0.9999999999976149	0.13537263871411842
0.008644614588964714	6776.41507610675	1.5421632280702162	9.20883867328992e17	3.462743277292905e16	0.984918312706454	0.033738344274467216	1.0000000000003344	0.9999999999976353	0.1344063675778336
0.008644614588964714	6792.036326171843	1.545341097291337	9.168299552233734e17	3.4574692245960916e16	0.984938936169967	0.03363956448232994	1.0000000000003033	0.999999999997656	0.13344531415286837
0.008644614588964714	6807.693586937417	1.5485211661895697	9.128053716900895e17	3.4522131829819344e16	0.9849593942191999	0.03354109740599996	1.0000000000003144	0.9999999999976785	0.13248943297894503
0.008644614588964714	6823.3869414166975	1.5517034679017037	9.088098030701121e17	3.4469749695449056e16	0.9849796872841409	0.03344294205703128	1.0000000000002933	0.9999999999976975	0.13153867909961406
0.008644614588964714	6839.116472814293	1.5548880353887906	9.048429402584712e17	3.4417544045186748e16	0.9849998157939263	0.03334509745004274	1.000000000000282	0.9999999999977167	0.1305930080564755
0.008644614588964714	6854.882264526614	1.5580749014400272	9.009044786198281e17	3.4365513112067896e16	0.9850197801768809	0.033247562602713644	1.0000000000002964	0.9999999999977368	0.1296523758834037
0.008644614588964714	6870.684400142324	1.5612640986765558	8.969941179059772e17	3.4313655159151624e16	0.985039580860481	0.03315033653577481	1.0000000000003095	0.9999999999977549	0.12871673910078582
0.008644614588964714	6886.522963442762	1.5644556595552046	8.931115621752457e17	3.4261968478863556e16	0.9850592182713785	0.03305341827299926	1.0000000000002762	0.9999999999977726	0.12778605470991622
0.008644614588964714	6902.398038402419	1.5676496163722629	8.892565197135e17	3.4210451392355332e16	0.985078692835385	0.03295680684118977	1.0000000000002702	0.9999999999977938	0.1268602801872658
0.008644614588964714	6918.309709189362	1.5708460012669656	8.854287029572735e17	3.4159102248882012e16	0.9850980049775044	0.03286050127017497	1.0000000000002922	0.9999999999978091	0.12593937347893022
0.008644614588964714	6934.258060165695	1.5740448462250447	8.816278284182899e17	3.4107919425194656e16	0.9851171551219035	0.03276450059279926	1.0000000000002833	0.9999999999978285	0.1250232929950921
0.008644614588964714	6950.243175887969	1.5772461830823	8.778536166097981e17	3.4056901324949028e16	0.985136143691938	0.03266880384491175	1.000000000000286	0.9999999999978472	0.12411199760446424
0.008644614588964714	6966.265141107687	1.5804500435278814	8.741057919745705e17	3.4006046378129776e16	0.9851549711101159	0.032573410065360076	1.0000000000002611	0.9999999999978615	0.1232054466288656
0.008644614588964714	6982.324040771711	1.5836564591077313	8.703840828143638e17	3.395535304048871e16	0.9851736377981628	0.03247831829597776	1.0000000000002804	0.999999999997879	0.12230359983780056
0.008644614588964714	6998.419960022738	1.5868654612277993	8.6668822122105e17	3.3904819792998524e16	0.9851921441769562	0.03238352758158225	1.0000000000002662	0.9999999999978966	0.1214064174430865
0.008644614588964714	7014.552984199714	1.5900770811572722	8.630179430092095e17	3.385444514131963e16	0.9852104906665805	0.03228903696995847	1.0000000000002545	0.9999999999979132	0.1205138600935613
0.008644614588964714	7030.723198838334	1.5932913500317902	8.593729876500897e17	3.380422761528043e16	0.9852286776862891	0.03219484551185399	1.0000000000002753	0.9999999999979302	0.11962588886977552
0.008644614588964714	7046.930689671467	1.5965082988564645	8.557530982072298e17	3.3754165768371644e16	0.9852467056545392	0.032100952260972315	1.000000000000269	0.9999999999979453	0.11874246527885006
0.008644614588964714	7063.175542629623	1.59972795850902	8.521580212731809e17	3.3704258177252084e16	0.9852645749889786	0.03200735627395964	1.0000000000002607	0.9999999999979629	0.11786355124924372
0.008644614588964714	7079.457843841381	1.6029503597427226	8.485875069077958e17	3.365450344126808e16	0.9852822861064379	0.03191405661039838	1.000000000000267	0.9999999999979761	0.11698910912568163
0.008644614588964714	7095.777679633888	1.606175533189327	8.450413085777944e17	3.3604900181983956e16	0.9852998394229461	0.03182105233279881	1.0000000000002762	0.9999999999979915	0.11611910166410487
0.008644614588964714	7112.1351365332885	1.6094035093620178	8.415191830975562e17	3.355544704272457e16	0.9853172353537332	0.031728342506591935	1.0000000000002456	0.9999999999980037	0.11525349202663614
0.008644614588964714	7128.530301265198	1.6126343186581824	8.380208905712093e17	3.3506142688129164e16	0.9853344743132244	0.03163592620011442	1.000000000000249	0.9999999999980189	0.11439224377666132
0.008644614588964714	7144.963260755135	1.6158679913622866	8.345461943359386e17	3.3456985803716136e16	0.9853515567150575	0.031543802484608884	1.0000000000002693	0.999999999998035	0.11353532087389524
0.008644614588964714	7161.43410212902	1.6191045576484584	8.310948609065652e17	3.3407975095458864e16	0.9853684829720547	0.03145197043420997	1.0000000000002516	0.9999999999980503	0.11268268766958799
0.008644614588964714	7177.942912713615	1.6223440475834134	8.276666599210522e17	3.3359109289370812e16	0.9853852534962568	0.03136042912593617	1.000000000000238	0.9999999999980657	0.11183430890164847
0.008644614588964714	7194.489780036998	1.6255864911288866	8.242613640874776e17	3.3310387131102364e16	0.9854018686989032	0.0312691776396812	1.0000000000002438	0.9999999999980762	0.11099014969000619
0.008644614588964714	7211.074791828998	1.6288319181443882	8.20878749131809e17	3.3261807385545844e16	0.9854183289904559	0.031178215058208683	1.0000000000002447	0.9999999999980922	0.1101501755318511
0.008644614588964714	7227.698036021702	1.6320803583896508	8.175185937470025e17	3.3213368836451424e16	0.9854346347805639	0.031087540467138425	1.0000000000002742	0.9999999999981019	0.10931435229702925
0.008644614588964714	7244.359600749898	1.6353318415272466	8.141806795429336e17	3.3165070286051056e16	0.9854507864781262	0.030997152954945203	1.000000000000248	0.9999999999981174	0.1084826462234657
0.008644614588964714	7261.0595743515505	1.6385863971249852	8.108647909975473e17	3.3116910554692436e16	0.9854667844912193	0.03090705161294001	1.0000000000002527	0.9999999999981326	0.10765502391262628
0.008644614588964714	7277.798045368242	1.6418440546584092	8.075707154088786e17	3.3068888480481148e16	0.9854826292271649	0.030817235535272523	1.000000000000237	0.9999999999981436	0.10683145232504355
0.008644614588964714	7294.575102545687	1.6451048435131779	8.042982428480998e17	3.3021002918931164e16	0.985498321092477	0.030727703818914088	1.0000000000002678	0.999999999998156	0.10601189877589969
0.008644614588964714	7311.390834834172	1.6483687929873676	8.01047166113563e17	3.297325274262438e16	0.9855138604929309	0.030638455563658268	1.000000000000219	0.9999999999981664	0.10519633093067325
0.008644614588964714	7328.245331389045	1.6516359322938765	7.978172806856571e17	3.2925636840877156e16	0.9855292478334737	0.030549489872100138	1.0000000000002114	0.9999999999981786	0.10438471680078741
0.008644614588964714	7345.138681571151	1.6549062905626535	7.946083846827281e17	3.287815411941571e16	0.985544483518325	0.030460805849638985	1.0000000000002456	0.9999999999981913	0.10357702473937602
0.008644614588964714	7362.070974947361	1.6581798968429213	7.914202788177588e17	3.28308035000584e16	0.9855595679509037	0.030372402604467524	1.000000000000237	0.999999999998201	0.10277322343705839
0.008644614588964714	7379.042301291008	1.6614567801054871	7.882527663559497e17	3.278358392040538e16	0.9855745015338757	0.03028427924755924	1.0000000000002442	0.9999999999982123	0.1019732819177728
0.008644614588964714	7396.052750582382	1.6647369692448046	7.85105653073198e17	3.27364943335361e16	0.985589284669116	0.030196434892664943	1.0000000000002245	0.9999999999982275	0.10117716953468008
0.008644614588964714	7413.102413009177	1.668020493081188	7.81978747215337e17	3.268953370771332e16	0.9856039177577557	0.030108868656300188	1.000000000000237	0.9999999999982349	0.1003848559660718
0.008644614588964714	7430.191378967013	1.6713073803629261	7.788718594581821e17	3.264270102609362e16	0.9856184012001523	0.03002157965774248	1.0000000000002447	0.9999999999982515	0.09959631121140808
0.008644614588964714	7447.319739059889	1.6745976597682624	7.757848028684654e17	3.259599528644572e16	0.9856327353958956	0.029934567019018726	1.0000000000002185	0.999999999998265	0.09881150558731196
0.008644614588964714	7464.487584100669	1.6778913599076268	7.727173928653471e17	3.254941550087366e16	0.9856469207438266	0.029847829864896758	1.0000000000002458	0.9999999999982699	0.09803040972367438
0.008644614588964714	7481.6950051115455	1.6811885093254273	7.696694471829047e17	3.250296069554771e16	0.9856609576420124	0.029761367322881913	1.0000000000002478	0.9999999999982805	0.09725299455982055
0.008644614588964714	7498.942093324558	1.6844891365022105	7.666407858331788e17	3.2456629910440424e16	0.9856748464877899	0.029675178523204525	1.0000000000002236	0.9999999999982943	0.09647923134065904
0.008644614588964714	7516.228940182053	1.687793269856542	7.636312310700123e17	3.241042219906921e16	0.9856885876777153	0.02958926259881194	1.000000000000202	0.9999999999983034	0.09570909161291864
0.008644614588964714	7533.555637337177	1.6911009377469786	7.606406073535566e17	3.2364336628244184e16	0.9857021816075958	0.02950361868536185	1.000000000000216	0.9999999999983153	0.09494254722144886
0.008644614588964714	7550.922276654342	1.694412168473863	7.576687413155689e17	3.2318372277822572e16	0.9857156286725055	0.029418245921215107	1.0000000000002267	0.9999999999983231	0.09417957030555697
0.008644614588964714	7568.328950209744	1.6977269902813374	7.54715461725178e17	3.2272528240467324e16	0.985728929266755	0.029333143447426126	1.0000000000002387	0.999999999998333	0.09342013329537105
0.008644614588964714	7585.775750291836	1.701045431359058	7.517805994555053e17	3.22268036214123e16	0.9857420837839115	0.02924831040773498	1.0000000000002316	0.9999999999983464	0.09266420890826604
0.008644614588964714	7603.262769401822	1.7043675198441608	7.488639874507671e17	3.218119753823183e16	0.9857550926168055	0.02916374594856025	1.0000000000002094	0.9999999999983533	0.09191177014531611
0.008644614588964714	7620.790100254122	1.7076932838229137	7.459654606941283e17	3.2135709120615816e16	0.9857679561575081	0.029079449218988265	1.000000000000222	0.9999999999983646	0.091162790287859
0.008644614588964714	7638.357835776907	1.7110227513325595	7.430848561760995e17	3.2090337510149816e16	0.9857806747973814	0.02899541937077058	1.0000000000002138	0.9999999999983693	0.09041724289401168
0.008644614588964714	7655.966069112562	1.7143559503630141	7.40222012863509e17	3.204508186009945e16	0.9857932489270048	0.02891165555830923	1.0000000000002305	0.9999999999983814	0.08967510179530538
0.008644614588964714	7673.6148936181935	1.7176929088586366	7.373767716691354e17	3.1999941335200184e16	0.985805678936266	0.028828156938656615	1.0000000000001872	0.9999999999983883	0.08893634109330156
0.008644614588964714	7691.304402866098	1.7210336547199512	7.345489754217805e17	3.195491511145097e16	0.9858179652142846	0.028744922671497874	1.000000000000212	0.9999999999984001	0.08820093515632138
0.008644614588964714	7709.034690644301	1.724378215805209	7.317384688370927e17	3.191000237591323e16	0.9858301081494725	0.02866195191915318	1.000000000000229	0.9999999999984082	0.08746885861616696
0.008644614588964714	7726.805850957021	1.727726619932103	7.289450984887803e17	3.186520232651343e16	0.9858421081294997	0.02857924384656452	1.0000000000001876	0.9999999999984154	0.08674008636490257
0.008644614588964714	7744.617978025191	1.7310788948794533	7.261687127803497e17	3.182051417184999e16	0.9858539655413041	0.028496797621284563	1.0000000000001974	0.9999999999984284	0.08601459355167074
0.008644614588964714	7762.4711662869195	1.7344350683887444	7.234091619174904e17	3.1775937131005016e16	0.9858656807711059	0.028414612413476977	1.0000000000002207	0.9999999999984351	0.08529235557954903
0.008644614588964714	7780.365510398041	1.7377951681656776	7.206662978809033e17	3.173147043335918e16	0.985877254204392	0.02833268739590308	1.0000000000002303	0.9999999999984448	0.08457334810250124
0.008644614588964714	7798.3011052325855	1.7411592218818397	7.179399743995603e17	3.1687113318411028e16	0.9858886862259413	0.02825102174391537	1.000000000000232	0.9999999999984543	0.08385754702225529
0.008644614588964714	7816.2780458833	1.74452725717619	7.152300469245691e17	3.1642865035600068e16	0.9858999772197988	0.028169614635449702	1.0000000000002287	0.9999999999984612	0.08314492848533833
0.008644614588964714	7834.29642766212	1.7478993016565765	7.125363726034444e17	3.1598724844133556e16	0.9859111275693009	0.02808846525101782	1.0000000000002098	0.999999999998468	0.0824354688800874
0.008644614588964714	7852.356346100718	1.751275382901308	7.098588102548518e17	3.155469201281673e16	0.9859221376570585	0.0280075727736996	1.0000000000001859	0.9999999999984784	0.08172914483371177
0.008644614588964714	7870.457896950985	1.754655528460565	7.071972203438378e17	3.1510765819887096e16	0.9859330078649696	0.027926936389132618	1.0000000000002387	0.9999999999984858	0.0810259332093898
0.008644614588964714	7888.601176185548	1.7580397658578677	7.045514649575346e17	3.146694555285184e16	0.9859437385742316	0.027846555285513264	1.0000000000002167	0.9999999999984933	0.08032581110344425
0.008644614588964714	7906.786279998253	1.761428122591623	7.019214077811574e17	3.142323050832849e16	0.9859543301653144	0.02776642865357679	1.00000000000022	0.9999999999984989	0.07962875584248338
0.008644614588964714	7925.013304804718	1.7648206261364787	6.993069140746006e17	3.137961999188911e16	0.985964783017994	0.02768655568659936	1.0000000000002067	0.9999999999985063	0.07893474498063402
0.008644614588964714	7943.282347242814	1.7682173039447544	6.967078506493855e17	3.1336113317907896e16	0.9859750975113312	0.02760693558038442	1.000000000000224	0.9999999999985173	0.07824375629681347
0.008644614588964714	7961.593504173192	1.7716181834478513	6.941240858460168e17	3.129270980941159e16	0.9859852740236819	0.027527567533261476	1.0000000000001799	0.9999999999985243	0.07755576779199601
0.008644614588964714	7979.946872679769	1.77502329205766	6.915554895116874e17	3.1249408797932936e16	0.9859953129327067	0.02744845074606947	1.000000000000183	0.9999999999985304	0.07687075768654214
0.008644614588964714	7998.342550070284	1.7784326571678817	6.890019329785263e17	3.120620962336748e16	0.9860052146153547	0.027369584422157898	1.0000000000002038	0.9999999999985391	0.07618870441758942
0.008644614588964714	8016.78063387679	1.781846306155381	6.864632890420732e17	3.116311163383313e16	0.9860149794478908	0.02729096776737582	1.000000000000201	0.9999999999985438	0.0755095866364217
0.008644614588964714	8035.261221856177	1.7852642663816078	6.839394319401914e17	3.112011418553222e16	0.9860246078058694	0.027212599990063816	1.000000000000184	0.9999999999985513	0.07483338320590495
0.008644614588964714	8053.784411990669	1.7886865651937813	6.814302373324079e17	3.107721664261717e16	0.9860341000641591	0.027134480301045136	1.0000000000001963	0.9999999999985585	0.07416007319797674
0.008644614588964714	8072.350302488382	1.792113229926373	6.789355822794723e17	3.1034418377057816e16	0.9860434565969312	0.027056607913622854	1.000000000000232	0.999999999998568	0.07348963589111242
0.008644614588964714	8090.958991783821	1.7955442879021495	6.76455345223505e17	3.099171876851277e16	0.9860526777776608	0.02697898204356924	1.0000000000002245	0.9999999999985737	0.07282205076790778
0.008644614588964714	8109.610578538404	1.7989797664337495	6.739894059681647e17	3.0949117204201596e16	0.9860617639791465	0.02690160190911791	1.0000000000002187	0.9999999999985784	0.0721572975125821
0.008644614588964714	8128.305161640995	1.8024196928247072	6.715376456594854e17	3.0906613078781212e16	0.9860707155734965	0.026824466730957845	1.000000000000191	0.9999999999985874	0.07149535600865266
0.008644614588964714	8147.042840208396	1.8058640943708664	6.690999467667977e17	3.08642057942238e16	0.9860795329321187	0.026747575732224218	1.0000000000002065	0.9999999999985946	0.07083620633648027
0.008644614588964714	8165.823713585923	1.8093129983614895	6.666761930641687e17	3.082189475969755e16	0.9860882164257565	0.026670928138494643	1.0000000000002105	0.9999999999985992	0.07017982877102004
0.008644614588964714	8184.647881347903	1.8127664320805488	6.64266269611999e17	3.0779679391449308e16	0.9860967664244632	0.02659452317777809	1.0000000000001998	0.9999999999986068	0.06952620377945949
0.008644614588964714	8203.515443298185	1.8162244228079387	6.618700627390493e17	3.073755911269025e16	0.9861051832976191	0.026518360080508306	1.000000000000213	0.9999999999986103	0.06887531201895622
0.008644614588964714	8222.426499470712	1.819686997820699	6.594874600246785e17	3.069553335348294e16	0.9861134674139174	0.026442438079539464	1.0000000000002094	0.9999999999986185	0.06822713433440387
0.008644614588964714	8241.38115013002	1.8231541843941261	6.571183502814967e17	3.06536015506315e16	0.9861216191413756	0.026366756410134192	1.0000000000002203	0.9999999999986224	0.06758165175619908
0.008644614588964714	8260.379495771784	1.8266260098030076	6.547626235382022e17	3.0611763147573116e16	0.9861296388473533	0.02629131430996118	1.0000000000001892	0.9999999999986326	0.0669388454980846
0.008644614588964714	8279.421637123345	1.8301025013227972	6.52420171022765e17	3.0570017594272292e16	0.9861375268985185	0.026216111019082212	1.0000000000001998	0.9999999999986376	0.066298696954959
0.008644614588964714	8298.507675144225	1.8335836862307124	6.50090885145899e17	3.05283643471167e16	0.9861452836608763	0.02614114577995123	1.000000000000209	0.9999999999986477	0.06566118770077937
0.008644614588964714	8317.63771102671	1.837069591806907	6.477746594847901e17	3.0486802868815404e16	0.9861529094997723	0.02606641783740326	1.0000000000002034	0.999999999998649	0.06502629948644069
0.008644614588964714	8336.811846196348	1.8405602453356238	6.454713887670716e17	3.0445332628298576e16	0.9861604047798672	0.025991926438647416	1.0000000000002043	0.9999999999986544	0.06439401423772857
0.008644614588964714	8356.030182312483	1.844055674106271	6.431809688551318e17	3.0403953100619756e16	0.9861677698651787	0.025917670833261297	1.0000000000001987	0.9999999999986613	0.06376431405323821
0.008644614588964714	8375.292821268826	1.8475559054145725	6.40903296730638e17	3.036266376685948e16	0.9861750051190461	0.02584365027318251	1.0000000000001983	0.9999999999986698	0.06313718120241067
0.008644614588964714	8394.599865193974	1.8510609665636284	6.386382704793126e17	3.0321464114031e16	0.9861821109041531	0.025769864012701836	1.0000000000002098	0.9999999999986721	0.06251259812348411
0.008644614588964714	8413.951416451948	1.854570884865027	6.363857892759944e17	3.0280353634987604e16	0.9861890875825214	0.025696311308457398	1.0000000000002056	0.9999999999986776	0.061890547421577936
0.008644614588964714	8433.347577642757	1.8580856876399576	6.341457533698932e17	3.023933182833188e16	0.9861959355155314	0.025622991419425718	1.0000000000002023	0.9999999999986867	0.06127101186673154
0.008644614588964714	8452.788451602899	1.861605402220163	6.319180640701699e17	3.0198398198326856e16	0.9862026550638813	0.025549903606914438	1.000000000000223	0.9999999999986904	0.06065397439201406
0.008644614588964714	8472.274141405964	1.8651300559491946	6.297026237316321e17	3.015755225480805e16	0.9862092465876365	0.025477047134559287	1.000000000000228	0.9999999999986948	0.06003941809159362
0.008644614588964714	8491.804750363144	1.8686596761832004	6.274993357408192e17	3.011679351309828e16	0.9862157104462104	0.025404421268311685	1.00000000000019	0.9999999999987014	0.05942732621894328
0.008644614588964714	8511.380382023768	1.8721942902922917	6.253081045021082e17	3.0076121493923076e16	0.986222046998344	0.0253320252764336	1.000000000000205	0.9999999999987038	0.05881768218493153
0.008644614588964714	8531.001140175895	1.8757339256612524	6.231288354243023e17	3.003553572332834e16	0.9862282566021771	0.025259858429493364	1.0000000000001916	0.9999999999987105	0.05821046955608273
0.008644614588964714	8550.667128846831	1.8792786096908047	6.209614349071785e17	2.9995035732599108e16	0.9862343396151364	0.02518792000035421	1.0000000000002096	0.9999999999987187	0.057605672052716765
0.008644614588964714	8570.378452303692	1.8828283697984827	6.188058103284502e17	2.99546210581802e16	0.9862402963940695	0.025116209264171734	1.0000000000002038	0.9999999999987242	0.05700327354725276
0.008644614588964714	8590.13521505396	1.886383233419742	6.166618700308009e17	2.991429124159782e16	0.9862461272951503	0.025044725498383123	1.0000000000002116	0.9999999999987308	0.05640325806240186
0.008644614588964714	8609.937521846008	1.889943228008863	6.145295233092415e17	2.9874045829383364e16	0.9862518326739063	0.024973467982702547	1.0000000000002287	0.9999999999987356	0.05580560976951019
0.008644614588964714	8629.785477669702	1.8935083810400428	6.124086803985586e17	2.9833884372997628e16	0.9862574128852478	0.024902435999115072	1.000000000000213	0.9999999999987393	0.055210312986814926
0.008644614588964714	8649.679187756938	1.8970787200082646	6.10299252461062e17	2.9793806428757428e16	0.9862628682834237	0.024831628831864624	1.000000000000239	0.9999999999987425	0.05461735217780406
0.008644614588964714	8669.61875758217	1.9006542724303694	6.082011515744673e17	2.975381155776284e16	0.9862681992220687	0.02476104576745632	1.000000000000189	0.9999999999987473	0.054026711949551665
0.008644614588964714	8689.60429286302	1.904235065846059	6.061142907199494e17	2.9713899325825924e16	0.9862734060541717	0.02469068609463827	1.0000000000002134	0.9999999999987502	0.05343837705105988
0.008644614588964714	8709.635899560806	1.9078211278187085	6.040385837704796e17	2.9674069303401044e16	0.986278489132095	0.024620549104404876	1.000000000000249	0.9999999999987599	0.052852332371716985
0.008644614588964714	8729.713683881113	1.9114124859364312	6.019739454792667e17	2.963432106551622e16	0.9862834488075738	0.024550634089986225	1.000000000000234	0.9999999999987591	0.05226856293963756
0.008644614588964714	8749.837752274363	1.915009167813021	5.999202914683645e17	2.959465419170539e16	0.9862882854317108	0.024480940346838637	1.000000000000205	0.9999999999987671	0.05168705392015954
0.008644614588964714	8770.008211436349	1.918611201088899	5.978775382175473e17	2.9555068265942636e16	0.986292999354975	0.0244114671726403	1.0000000000002187	0.9999999999987716	0.051107790614234296
0.008644614588964714	8790.225168308842	1.9222186134319712	5.958456030532765e17	2.9515562876576932e16	0.9862975909272256	0.024342213867287143	1.0000000000001883	0.9999999999987759	0.05053075845696198
0.008644614588964714	8810.488730080147	1.925831432538723	5.938244041378404e17	2.947613761626818e16	0.9863020604976934	0.0242731797328799	1.000000000000225	0.9999999999987832	0.049955943016027266
0.008644614588964714	8830.799004185632	1.9294496861348889	5.918138604587796e17	2.9436792081925036e16	0.9863064084149812	0.02420436407372471	1.0000000000002254	0.9999999999987874	0.04938332999027781
0.008644614588964714	8851.156098308356	1.9330734019766553	5.898138918182792e17	2.9397525874642596e16	0.986310635027082	0.024135766196321136	1.0000000000002167	0.9999999999987907	0.04881290520818623
0.008644614588964714	8871.560120379609	1.9367026078513272	5.878244188229079e17	2.9358338599642396e16	0.9863147406813746	0.024067385409355737	1.00000000000023	0.9999999999987962	0.0482446546264627
0.008644614588964714	8892.011178579482	1.9403373315784584	5.858453628733796e17	2.9319229866212664e16	0.9863187257246085	0.023999221023699766	1.0000000000002391	0.9999999999988005	0.04767856432857829
0.008644614588964714	8912.509381337459	1.9439776010104544	5.838766461546286e17	2.92801992876503e16	0.9863225905029253	0.02393127235239781	1.0000000000001983	0.9999999999988062	0.047114620523401415
0.008644614588964714	8933.054837332953	1.9476234440338795	5.819181916257852e17	2.924124648120299e16	0.9863263353618538	0.0238635387106618	1.0000000000002414	0.9999999999988048	0.04655280954374597
0.008644614588964714	8953.647655495937	1.9512748885698963	5.799699230106296e17	2.920237106801326e16	0.9863299606463224	0.023796019415868615	1.000000000000262	0.999999999998813	0.045993117845064935
0.008644614588964714	8974.28794500749	1.9549319625754296	5.780317647879183e17	2.916357267306295e16	0.9863334667006359	0.02372871378755026	1.0000000000002007	0.9999999999988188	0.04543553200403739
0.008644614588964714	8994.975815300355	1.958594694044086	5.761036421819488e17	2.9124850925118652e16	0.9863368538684999	0.023661621147383936	1.0000000000002165	0.999999999998822	0.04488003871724208
0.008644614588964714	9015.711376059571	1.962263111006771	5.741854811533552e17	2.9086205456678444e16	0.9863401224930108	0.023594740819192966	1.0000000000002258	0.9999999999988236	0.044326624799861096
0.008644614588964714	9036.494737223014	1.9659372415327703	5.722772083898987e17	2.9047635903919156e16	0.9863432729166692	0.02352807212893597	1.000000000000207	0.99999999999883	0.04377527718436235
0.008644614588964714	9057.326008981998	1.9696171137305156	5.7037875129750483e17	2.900914190664487e16	0.9863463054813575	0.023461614404698353	1.000000000000231	0.9999999999988334	0.04322598291917645
0.008644614588964714	9078.205301781862	1.9733027557485376	5.6849003799135795e17	2.897072310823595e16	0.9863492205283845	0.023395366976692637	1.000000000000222	0.9999999999988379	0.042678729167488445
0.008644614588964714	9099.132726322518	1.9769941957761952	5.6661099728719174e17	2.893237915559936e16	0.9863520183984169	0.023329329177244305	1.0000000000002252	0.9999999999988408	0.04213350320591337
0.008644614588964714	9120.108393559096	1.9806914620446237	5.647415586926733e17	2.8894109699119428e16	0.986354699431586	0.02326350034079023	1.0000000000002436	0.9999999999988429	0.041590292423316695
0.008644614588964714	9141.132414702499	1.984394582827484	5.628816523989503e17	2.885591439260979e16	0.9863572639673742	0.023197879803871432	1.0000000000002267	0.999999999998849	0.041049084319567275
0.008644614588964714	9162.204901220002	1.988103586441925	5.610312092722461e17	2.8817792893265844e16	0.986359712344693	0.02313246690512469	1.0000000000002192	0.9999999999988541	0.04050986650430243
0.008644614588964714	9183.32596483581	1.9918185012493541	5.5919016084567386e17	2.877974486161827e16	0.9863620449018575	0.023067260985278806	1.0000000000002194	0.999999999998862	0.03997262669578341
0.008644614588964714	9204.495717531712	1.995539355656247	5.573584393111307e17	2.8741769961487196e16	0.9863642619766001	0.02300226138714653	1.0000000000002303	0.9999999999988612	0.039437352719672636
0.008644614588964714	9225.71427154763	1.9992661781150005	5.555359775112911e17	2.8703867859937028e16	0.9863663639060611	0.02293746745561924	1.0000000000002325	0.9999999999988689	0.038904032507916186
0.008644614588964714	9246.98173938223	2.002998997124731	5.537227089317547e17	2.8666038227232492e16	0.9863683510267807	0.022872878537660353	1.0000000000001836	0.99999999999887	0.03837265409756977
0.008644614588964714	9268.298233793494	2.006737841232259	5.5191856769325523e17	2.8628280736794596e16	0.986370223674736	0.022808493982296337	1.000000000000225	0.9999999999988736	0.03784320562963847
0.008644614588964714	9289.663867799363	2.0104827390326014	5.501234885440895e17	2.859059506515832e16	0.9863719821853015	0.02274431314061604	1.000000000000253	0.9999999999988771	0.03731567534802773
0.008644614588964714	9311.078754678301	2.0142337191700843	5.483374068525337e17	2.8552980891930224e16	0.9863736268932867	0.02268033536576145	1.0000000000002214	0.9999999999988749	0.036790051598372245
0.008644614588964714	9332.543007969914	2.017990810339068	5.465602585994129e17	2.8515437899746908e16	0.9863751581329108	0.02261656001291835	1.0000000000002154	0.999999999998884	0.03626632282698464
0.008644614588964714	9354.05674147552	2.021754041284664	5.447919803708433e17	2.8477965774234776e16	0.986376576237812	0.022552986439314936	1.0000000000002107	0.9999999999988873	0.0357444775797518
0.008644614588964714	9375.620069258803	2.0255234408036262	5.4303250935098157e17	2.844056420396951e16	0.9863778815410615	0.022489614004212535	1.000000000000238	0.9999999999988894	0.03522450450110363
0.008644614588964714	9397.233105646375	2.029299037745128	5.412817833149474e17	2.840323288043686e16	0.9863790743751483	0.022426442068903173	1.000000000000213	0.9999999999988946	0.03470639233292442
0.008644614588964714	9418.895965228417	2.0330808610115834	5.395397406217946e17	2.836597149799388e16	0.9863801550719821	0.02236346999669686	1.000000000000231	0.9999999999989002	0.034190129913548854
0.008644614588964714	9440.608762859236	2.036868939559434	5.3780632020763866e17	2.8328779753830836e16	0.9863811239629202	0.022300697152922874	1.0000000000002445	0.9999999999989014	0.03367570617671059
0.008644614588964714	9462.37161365793	2.040663302399862	5.36081461578859e17	2.8291657347933716e16	0.9863819813787307	0.0222381229049193	1.0000000000002005	0.9999999999989003	0.03316311015055939
0.008644614588964714	9484.184633008968	2.0444639785997327	5.3436510480534195e17	2.8254603983047096e16	0.9863827276496082	0.022175746622024387	1.0000000000002385	0.9999999999989099	0.03265233095663419
0.008644614588964714	9506.04793656282	2.048270997282207	5.326571905139734e17	2.8217619364638412e16	0.9863833631052181	0.022113567675579	1.0000000000002194	0.9999999999989129	0.03214335780890646
0.008644614588964714	9527.96164023652	2.0520843876276866	5.309576598820056e17	2.818070320086168e16	0.9863838880746074	0.022051585438911475	1.000000000000217	0.9999999999989134	0.03163618001277076
0.008644614588964714	9549.92586021436	2.0559041788744663	5.2926645463073005e17	2.814385520252261e16	0.9863843028862975	0.021989799287336492	1.000000000000219	0.9999999999989178	0.031130786964119066
0.008644614588964714	9571.94071294844	2.059730400319608	5.275835170190855e17	2.810707508304407e16	0.9863846078682328	0.02192820859814765	1.0000000000002471	0.9999999999989215	0.030627168148362062
0.008644614588964714	9594.006315159337	2.063563081319649	5.259087898374561e17	2.807036255843204e16	0.9863848033478002	0.021866812750613314	1.00000000000023	0.9999999999989264	0.03012531313950555
0.008644614588964714	9616.122783836649	2.067402251291389	5.242422164014984e17	2.8033717347242188e16	0.9863848896518225	0.021805611125966313	1.0000000000002183	0.9999999999989292	0.029625211599231326
0.008644614588964714	9638.290236239705	2.071247939712725	5.225837405460611e17	2.7997139170546764e16	0.9863848671065707	0.021744603107401665	1.000000000000227	0.9999999999989329	0.02912685327596017
0.008644614588964714	9660.508789898131	2.0751001761233216	5.209333066192236e17	2.7960627751902384e16	0.9863847360377658	0.021683788080070432	1.000000000000204	0.9999999999989388	0.028630228003964867
0.008644614588964714	9682.778562612497	2.07895899012551	5.192908594763814e17	2.7924182817318044e16	0.9863844967705554	0.02162316543107031	1.000000000000253	0.999999999998938	0.028135325702459812
0.008644614588964714	9705.099672454899	2.082824411384832	5.1765634447445434e17	2.78878040952238e16	0.9863841496295479	0.021562734549446072	1.0000000000002292	0.9999999999989373	0.027642136374758732
0.008644614588964714	9727.47223776965	2.0866964696310544	5.16029707466111e17	2.78514913164397e16	0.9863836949388	0.021502494826175743	1.0000000000002245	0.9999999999989447	0.027150650107364845
0.008644614588964714	9749.896377173867	2.0905751946588063	5.144108947941351e17	2.781524421414557e16	0.9863831330218186	0.02144244565417038	1.0000000000002454	0.9999999999989466	0.026660857069106012
0.008644614588964714	9772.372209558112	2.094460616328306	5.127998532858476e17	2.7779062523850908e16	0.9863824642015497	0.021382586428266688	1.0000000000002605	0.9999999999989537	0.026172747510331832
0.008644614588964714	9794.89985408699	2.098352764566205	5.1119653024760096e17	2.7742945983365664e16	0.9863816888004208	0.02132291654522171	1.0000000000002303	0.9999999999989533	0.025686311762012054
0.008644614588964714	9817.479430199845	2.1022516693662725	5.096008734593384e17	2.7706894332770844e16	0.9863808071402818	0.021263435403703707	1.000000000000201	0.9999999999989555	0.02520154023497213
0.008644614588964714	9840.111057611335	2.106157360790266	5.0801283116925165e17	2.767090731439023e16	0.9863798195424527	0.021204142404289323	1.00000000000024	0.9999999999989604	0.02471842341901833
0.008644614588964714	9862.79485631211	2.110069868968484	5.064323520885188e17	2.7634984672762264e16	0.9863787263277213	0.021145036949459243	1.0000000000002538	0.9999999999989613	0.02423695188215817
0.008644614588964714	9885.53094656939	2.1139892241007074	5.048593853860767e17	2.7599126154612252e16	0.9863775278163254	0.0210861184435891	1.00000000000025	0.9999999999989665	0.02375711626980594
0.008644614588964714	9908.319448927676	2.117915456456839	5.032938806834867e17	2.7563331508825164e16	0.9863762243279579	0.021027386292944487	1.0000000000002245	0.9999999999989697	0.023278907303969126
0.008644614588964714	9931.160484209335	2.1218485963777565	5.0173578804986886e17	2.7527600486418776e16	0.9863748161817824	0.020968839905674438	1.0000000000002678	0.9999999999989683	0.022802315782484203
0.008644614588964714	9954.054173515275	2.1257886742758965	5.001850579969218e17	2.7491932840517188e16	0.9863733036964327	0.020910478691810605	1.0000000000002331	0.9999999999989769	0.022327332578259838
0.008644614588964714	9977.000638225536	2.129735720636183	4.9864164147396166e17	2.7456328326325044e16	0.9863716871899881	0.020852302063252816	1.000000000000252	0.9999999999989785	0.02185394863846942
0.008644614588964714	10000.	2.1336897660166803	4.9710548986307654e17	2.742078670110154e16	0.9863699669800181	0.02079430943377232	1.0000000000002538	0.9999999999989805	0.021382154983849315