5.0280547728063866e-12	0.11617599596387114	4.054505089455776e-11	9.509471136517587e19	6.160377213205719e18	0.9797956941167323	0.04096529492290734	0.9999999999999979	1.	1.00054506640124
5.074578790806488e-12	0.11661875147192527	4.054505089455776e-11	9.528370775919054e19	6.158559604909563e18	0.9798002573817096	0.04102333997758338	1.0000000000003055	1.00000000000002	0.9993884394842122
5.121533290244974e-12	0.1170638130935844	4.054505089455776e-11	9.547308310373645e19	6.156720732215182e18	0.9798047337142431	0.04108129535491587	1.0000000000200782	1.0000000000011304	0.9982296831437844
5.168922254317573e-12	0.11751118969749069	4.054505089455776e-11	9.566283648690468e19	6.154860631990844e18	0.9798091233654844	0.04113916119604191	1.0000000002281912	1.0000000000127112	0.9970688250913312
5.216749703076007e-12	0.11796089024308386	4.054505089455776e-11	9.58529669931867e19	6.15297934187822e18	0.9798134265882504	0.04119693764512369	1.000000000000285	1.0000000000000127	0.9959058928241178
5.265019693769142e-12	0.11841292366896984	4.054505089455776e-11	9.604347368455098e19	6.151076901133134e18	0.9798176436371936	0.04125462483932972	1.000000000000475	1.0000000000000238	0.9947409140525766
5.313736321187082e-12	0.11886729901119726	4.054505089455776e-11	9.62343556204073e19	6.149153349714166e18	0.9798217747686312	0.04131222291927552	0.9999999999860544	0.9999999999993234	0.9935739162462756
5.362903718008583e-12	0.1193240253331239	4.054505089455776e-11	9.642561184550733e19	6.147208728809227e18	0.9798258202406078	0.041369732022770396	1.0000000001129614	1.0000000000054836	0.9924049268999384
5.412526055151538e-12	0.11978311177658937	4.054505089455776e-11	9.661724139869305e19	6.145243080428158e18	0.9798297803128235	0.04142715228923248	1.0000000000000144	1.0000000000000002	0.9912339733453905
5.4626075421269354e-12	0.12024456749266156	4.054505089455776e-11	9.680924330074528e19	6.143256447933739e18	0.9798336552467225	0.041484483853603406	1.0000000000001272	1.0000000000000058	0.9900610830006374
5.513152427395868e-12	0.12070840170744662	4.054505089455776e-11	9.7001616565709e19	6.141248875517697e18	0.9798374453053843	0.04154172685202527	1.000000000000791	1.0000000000000373	0.9888862831320078
5.564164998729975e-12	0.12117462369060493	4.054505089455776e-11	9.719436019531076e19	6.139220408436515e18	0.9798411507535442	0.04159888141904381	1.0000000000041736	1.0000000000002	0.9877096009670715
5.615649583575092e-12	0.12164324276137797	4.054505089455776e-11	9.73874731798953e19	6.137171092954275e18	0.9798447718575973	0.041655947688085844	1.0000000000208829	1.0000000000010083	0.9865310636723379
5.6676105494184874e-12	0.12211426828664473	4.054505089455776e-11	9.758095449798404e19	6.135100976347349e18	0.9798483088855732	0.04171292579123561	1.0000000001088991	1.0000000000053137	0.9853506983595758
5.7200523041592654e-12	0.12258771151859969	4.054505089455776e-11	9.777480358922623e19	6.133010091420008e18	0.9798517621349268	0.041769815967090965	0.9999999692737855	0.9999999991346642	0.9841685265448024
5.772979296482345e-12	0.12306357646167222	4.054505089455776e-11	9.796901799839425e19	6.130898533442202e18	0.9798551317933325	0.04182661802603705	1.0000000000029656	1.000000000000136	0.9829845916554268
5.826396016235748e-12	0.12354187809503814	4.054505089455776e-11	9.816359807963593e19	6.128766306577989e18	0.9798584182172199	0.04188333241572947	0.9999999999913094	0.9999999999995441	0.9817989041685128
5.880306994811619e-12	0.12402262417377462	4.054505089455776e-11	9.835854229602053e19	6.126613477255024e18	0.9798616216531256	0.041939959157598954	0.9999999999993012	0.9999999999999623	0.980611496388214
5.934716805530536e-12	0.12450582432446829	4.054505089455776e-11	9.855384956897696e19	6.124440097494354e18	0.9798647423770093	0.04199649837818671	0.9999999999996146	0.9999999999999797	0.9794223950698884
5.989630064029512e-12	0.12499148822341785	4.054505089455776e-11	9.87495188077929e19	6.122246220252162e18	0.9798677806663922	0.04205295020260147	0.9999999999996521	0.9999999999999826	0.978231626904355
6.045051428653456e-12	0.1254796255992412	4.054505089455776e-11	9.894554890996802e19	6.120031899389925e18	0.9798707368003157	0.04210931475469871	0.999999999999613	0.9999999999999806	0.9770392185083364
6.100985600850478e-12	0.1259702462327094	4.054505089455776e-11	9.914193876107503e19	6.117797189665461e18	0.9798736110593467	0.04216559215702597	0.9999999999995385	0.9999999999999742	0.9758451964247514
6.1574373255706336e-12	0.12646335995697147	4.054505089455776e-11	9.933868723469032e19	6.115542146721011e18	0.979876403725559	0.04222178253080379	0.9999999999993943	0.999999999999966	0.974649587121679
6.214411391668482e-12	0.1269589766577849	4.054505089455776e-11	9.953579319232789e19	6.113266827071317e18	0.9798791150825117	0.04227788599590475	0.9999999999991546	0.9999999999999523	0.973452416991286
6.271912632309234e-12	0.12745710627374646	4.054505089455776e-11	9.973325548337068e19	6.110971288091697e18	0.9798817454152331	0.0423339026708367	0.9999999999987865	0.9999999999999345	0.9722537123488241
6.329945925378902e-12	0.1279577587965246	4.054505089455776e-11	9.993107294500618e19	6.108655588006142e18	0.9798842950102198	0.04238983267272564	0.9999999999982813	0.9999999999999066	0.9710534994316058
6.388516193898e-12	0.12846094427109636	4.054505089455776e-11	1.0012924440216129e20	6.106319785875387e18	0.9798867641554063	0.042445676117301184	0.9999999999975447	0.9999999999998616	0.9698518043980247
6.447628406439211e-12	0.12896667279597768	4.054505089455776e-11	1.0032776866743804e20	6.103963941585037e18	0.9798891531401585	0.042501433118880966	0.9999999999964662	0.9999999999998017	0.9686486533266284
6.507287577548781e-12	0.12947495452345514	4.054505089455776e-11	1.0052664454104805e20	6.101588115833773e18	0.9798914622552525	0.042557103790356605	0.9999999999949158	0.9999999999997127	0.9674440722151522
6.567498768172056e-12	0.12998579965982143	4.054505089455776e-11	1.0072587081075071e20	6.099192370121497e18	0.9798936917928647	0.04261268824318123	0.9999999999927341	0.9999999999995858	0.9662380869796442
6.6282670860827116e-12	0.13049921846561247	4.054505089455776e-11	1.0092544625179066e20	6.096776766737512e18	0.9798958420465494	0.04266818658735944	0.9999999999896051	0.9999999999994056	0.9650307234535551
6.689597686316092e-12	0.1310152212558359	4.054505089455776e-11	1.0112536962683534e20	6.094341368748839e18	0.979897913311229	0.04272359893143284	0.9999999999852294	0.9999999999991513	0.9638220073869014
6.75149577160642e-12	0.1315338184002113	4.054505089455776e-11	1.01325639685915e20	6.091886239988432e18	0.9798999058831728	0.04277892538247402	0.9999999999791117	0.9999999999987927	0.9626119644454025
6.813966592828304e-12	0.13205502032340427	4.054505089455776e-11	1.0152625516636144e20	6.089411445043525e18	0.9799018200599844	0.04283416604607477	0.9999999999706424	0.9999999999982945	0.96140062020968
6.877015449442071e-12	0.13257883750526342	4.054505089455776e-11	1.0172721479275107e20	6.08691704924397e18	0.9799036561405872	0.04288932102634035	0.9999999999589909	0.9999999999976052	0.9601880001744465
6.940647689943378e-12	0.1331052804810614	4.054505089455776e-11	1.0192851727684493e20	6.084403118650619e18	0.9799054144252041	0.04294439042588055	0.9999999999430448	0.9999999999966567	0.9589741297477143
7.00486871231682e-12	0.1336343598369186	4.054505089455776e-11	1.021301613166838e20	6.081869720076905e18	0.9799070952153619	0.04299937434540983	1.0000000000000155	0.9999999999999993	0.957759034266441
7.069683964494011e-12	0.13416608622747384	4.054505089455776e-11	1.0233214559960534e20	6.07931692095711e18	0.9799086988137975	0.043054272885173904	0.9999999999999963	0.9999999999999996	0.9565427389363438
7.13509894481563e-12	0.13470047035207902	4.054505089455776e-11	1.0253446879794815e20	6.0767447895009e18	0.9799102255245506	0.04310908614296689	0.9999999999999816	0.9999999999999998	0.9553252689132138
7.201119202497902e-12	0.13523752296989977	4.054505089455776e-11	1.0273712957161821e20	6.074153394579228e18	0.9799116756528813	0.04316381421535219	0.9999999999999974	1.0000000000000004	0.9541066492514884
7.267750338103232e-12	0.13577725489668446	4.054505089455776e-11	1.0294012656742333e20	6.07154280573696e18	0.9799130495052635	0.043218457197373626	0.9999999999999919	1.	0.9528869049154096
7.334998004015479e-12	0.13631967700499434	4.054505089455776e-11	1.0314345841901842e20	6.068913093181658e18	0.9799143473893753	0.043273015182550334	1.0000000000000016	1.0000000000000002	0.9516660607784018
7.402867904919333e-12	0.13686480022444325	4.054505089455776e-11	1.0334712374685313e20	6.066264327772342e18	0.9799155696140751	0.04332748826287884	0.9999999999999927	1.	0.9504441416224169
7.471365798284319e-12	0.13741263554193295	4.054505089455776e-11	1.0355112115812124e20	6.063596581008337e18	0.9799167164893854	0.043381876528827884	0.9999999999999892	1.0000000000000004	0.9492211721373275
7.540497494853072e-12	0.13796319400188808	4.054505089455776e-11	1.0375544924670851e20	6.060909925018206e18	0.9799177883264814	0.04343618006934176	0.9999999999999966	1.0000000000000007	0.947997176920324
7.610268859134464e-12	0.13851648670650016	4.054505089455776e-11	1.0396010659314554e20	6.058204432548674e18	0.9799187854376654	0.04349039897183798	0.9999999999999934	0.9999999999999989	0.9467721804753274
7.680685809900967e-12	0.13907252481595714	4.054505089455776e-11	1.0416509176455655e20	6.055480176953722e18	0.979919708136354	0.0435445333222104	0.9999999999999865	0.9999999999999996	0.9455462072124352
7.75175432069081e-12	0.139631319548686	4.054505089455776e-11	1.0437040331461445e20	6.052737232183679e18	0.9799205567370631	0.04359858320482984	0.9999999999999827	0.9999999999999991	0.9443192814473527
7.8234804203146e-12	0.1401928821815915	4.054505089455776e-11	1.0457603978349312e20	6.049975672774373e18	0.9799213315553801	0.043652548702546555	0.9999999999999625	0.9999999999999991	0.943091427400872
7.895870193366934e-12	0.14075722405028954	4.054505089455776e-11	1.0478199969782263e20	6.047195573836455e18	0.9799220329079581	0.043706429896693315	0.9999999999999939	0.9999999999999989	0.9418626691983458
7.96892978074244e-12	0.14132435654935788	4.054505089455776e-11	1.0498828157064538e20	6.044397011044594e18	0.9799226611124936	0.04376022686709213	0.9999999999999765	0.9999999999999991	0.9406330308691755
8.042665380156772e-12	0.14189429113256433	4.054505089455776e-11	1.0519488390137312e20	6.041580060626987e18	0.9799232164877012	0.04381393969205244	0.9999999999999609	0.999999999999998	0.9394025363463175
8.117083246672247e-12	0.14246703931311008	4.054505089455776e-11	1.054018051757452e20	6.038744799354794e18	0.9799236993533089	0.04386756844838154	0.9999999999999646	0.9999999999999978	0.9381712094658303
8.192189693228661e-12	0.1430426126638773	4.054505089455776e-11	1.0560904386578825e20	6.035891304531627e18	0.9799241100300278	0.04392111321138839	0.9999999999999385	0.9999999999999969	0.9369390739663614
8.267991091178685e-12	0.14362102281765965	4.054505089455776e-11	1.058165984297763e20	6.033019653983254e18	0.9799244488395491	0.043974574054888166	0.9999999999999392	0.999999999999996	0.9357061534887446
8.344493870828429e-12	0.14420228146741404	4.054505089455776e-11	1.060244673121937e20	6.030129926047225e18	0.9799247161045019	0.04402795105121182	0.9999999999999293	0.9999999999999954	0.9344724715755147
8.421704521982787e-12	0.14478640036649543	4.054505089455776e-11	1.0623264894369754e20	6.027222199562701e18	0.9799249121484588	0.044081244271211795	0.9999999999999044	0.9999999999999936	0.9332380516705147
8.499629594496183e-12	0.1453733913289036	4.054505089455776e-11	1.0644114174108284e20	6.024296553860278e18	0.9799250372959121	0.04413445378426897	0.9999999999998823	0.9999999999999929	0.932002917118458
8.578275698828064e-12	0.1459632662295241	4.054505089455776e-11	1.0664994410724632e20	6.021353068751954e18	0.9799250918722382	0.04418757965830316	0.9999999999998621	0.9999999999999921	0.9307670911645309
8.657649506603736e-12	0.1465560370043787	4.054505089455776e-11	1.0685905443115785e20	6.018391824521091e18	0.9799250762037058	0.044240621959779354	0.9999999999998178	0.99999999999999	0.9295305969539832
8.737757751180195e-12	0.14715171565085683	4.054505089455776e-11	1.0706847108782283e20	6.015412901912612e18	0.979924990617432	0.04429358075371906	0.9999999999997969	0.9999999999999891	0.928293457531779
8.818607228217522e-12	0.1477503142279757	4.054505089455776e-11	1.0727819243825678e20	6.012416382123088e18	0.9799248354413873	0.04434645610370952	0.9999999999997651	0.9999999999999861	0.927055695842175
8.900204796255235e-12	0.14835184485661432	4.054505089455776e-11	1.0748821682945429e20	6.009402346791078e18	0.979924611004359	0.04439924807191489	0.9999999999997249	0.999999999999984	0.9258173347283972
8.982557377294174e-12	0.14895631971974518	4.054505089455776e-11	1.076985425943581e20	6.006370877987577e18	0.9799243176359409	0.044451956719082975	1.0000000000000004	0.9999999999999993	0.9245783969323248
9.065671957383548e-12	0.14956375106276226	4.054505089455776e-11	1.0790916805184786e20	6.003322058205943e18	0.9799239556665076	0.044504582104563706	1.0000000000000073	1.0000000000000007	0.9233389050939074
9.149555587213801e-12	0.15017415119360808	4.054505089455776e-11	1.0812009150669385e20	6.000255970353186e18	0.9799235254272125	0.04455712428631336	1.0000000000000062	0.9999999999999996	0.92209888175118
9.234215382714574e-12	0.15078753248309773	4.054505089455776e-11	1.083313112495469e20	5.997172697740102e18	0.9799230272499463	0.044609583320911396	0.9999999999999937	0.999999999999999	0.9208583493397144
9.319658525658427e-12	0.1514039073651524	4.054505089455776e-11	1.0854282555691459e20	5.994072324072064e18	0.9799224614673325	0.04466195926356947	0.9999999999999909	1.0000000000000002	0.9196173301923466
9.405892264269935e-12	0.1520232883370468	4.054505089455776e-11	1.0875463269113889e20	5.990954933439821e18	0.9799218284127132	0.04471425216814676	0.9999999999999966	1.0000000000000009	0.9183758465388591
9.492923913840782e-12	0.15264568795965316	4.054505089455776e-11	1.0896673090037835e20	5.98782061031039e18	0.9799211284201125	0.04476646208716227	1.0000000000001155	1.0000000000000233	0.9171339205057242
9.580760857350174e-12	0.15327111885772862	4.054505089455776e-11	1.0917911841859381e20	5.984669439517928e18	0.9799203618242319	0.04481858907181159	1.	1.000000000000002	0.915891574115606
9.669410546091222e-12	0.1538995937200951	4.054505089455776e-11	1.0939179346552424e20	5.98150150625494e18	0.979919528960431	0.04487063317197156	0.9999999999999932	1.0000000000000004	0.9146488292874592
9.758880500302886e-12	0.1545311252999582	4.054505089455776e-11	1.0960475424668066e20	5.978316896063303e18	0.9799186301646983	0.0449225944362264	0.999999999999994	0.9999999999999999	0.9134057078358643
9.849178309808154e-12	0.15516572641496018	4.054505089455776e-11	1.0981799895330013e20	5.975115694826469e18	0.9799176657736459	0.04497447291185974	1.000000000002485	1.0000000000001996	0.912162231471497
9.94031163465775e-12	0.15580340994802083	4.054505089455776e-11	1.1003152576243224e20	5.971897988757563e18	0.9799166361244733	0.04502626864491997	1.0000000000040767	1.00000000000031	0.9109184217988904
1.0032288205780011e-11	0.1564441888472851	4.054505089455776e-11	1.1024533283688017e20	5.968663864392375e18	0.9799155415549701	0.04507798168020906	1.0000000000000062	0.9999999999999987	0.9096743003172987
1.0125115825636548e-11	0.15708807612524078	4.054505089455776e-11	1.1045941832499947e20	5.965413408587496e18	0.9799143824034813	0.04512961206121355	1.0000000000000056	1.	0.9084298884238837
1.0218802368884386e-11	0.15773508486099433	4.054505089455776e-11	1.1067378036103083e20	5.962146708500318e18	0.9799131590088921	0.04518115983027044	1.0000000000000129	1.	0.9071852074071457
1.0313355783043816e-11	0.1583852281992529	4.054505089455776e-11	1.108884170648811e20	5.958863851587978e18	0.9799118717106106	0.04523262502849158	0.9999999999999877	0.9999999999999998	0.9059402784507007
1.0408784089172667e-11	0.1590385193508789	4.054505089455776e-11	1.1110332654216928e20	5.955564925597453e18	0.97991052084855	0.04528400769579628	0.9999999999998879	0.9999999999999909	0.9046951226320783
1.0505095382546577e-11	0.15969497159312598	4.054505089455776e-11	1.1131850688422214e20	5.952250018557526e18	0.9799091067630993	0.04533530787093295	0.9999999999998183	0.999999999999986	0.9034497609225712
1.0602297833345973e-11	0.1603545982699395	4.054505089455776e-11	1.1153395616807877e20	5.948919218770499e18	0.9799076297951204	0.045386525591493636	0.9999999999996138	0.9999999999999748	0.9022042141868645
1.070039968734899e-11	0.161017412792142	4.054505089455776e-11	1.1174967245648228e20	5.945572614804666e18	0.9799060902859267	0.045437660893928526	0.9999999999997954	0.999999999999988	0.9009585031830177
1.0799409266631053e-11	0.16168342863782395	4.054505089455776e-11	1.1196565379790171e20	5.942210295485681e18	0.9799044885772424	0.045488713813570496	0.9999999999998508	0.999999999999991	0.8997126485618746
1.0899334970270668e-11	0.16235265935247956	4.054505089455776e-11	1.1218189822651728e20	5.938832349889489e18	0.9799028250112057	0.04553968438464682	0.9999999999998817	0.9999999999999931	0.8984666708671942
1.1000185275062194e-11	0.16302511854932988	4.054505089455776e-11	1.1239840376223718e20	5.935438867334298e18	0.9799010999303611	0.045590572640297825	0.9999999999998921	0.9999999999999929	0.897220590535265
1.1101968736234755e-11	0.16370081990957097	4.054505089455776e-11	1.126151684107011e20	5.932029937373047e18	0.9798993136776002	0.045641378612595936	0.9999999999999292	0.9999999999999958	0.8959744278947185
1.1204693988178081e-11	0.1643797771826528	4.054505089455776e-11	1.128321901632962e20	5.928605649785805e18	0.9798974665961772	0.045692102332562906	0.9999999999999662	0.9999999999999974	0.8947282031662913
1.1308369745174792e-11	0.16506200418653097	4.054505089455776e-11	1.1304946699716108e20	5.925166094572418e18	0.9798955590296785	0.0457427438301885	1.0000000000000329	1.0000000000000033	0.8934819364626417
1.1413004802139908e-11	0.16574751480794067	4.054505089455776e-11	1.1326699687520454e20	5.921711361945126e18	0.9798935913220043	0.045793303134449445	1.0000000000001634	1.000000000000012	0.8922356477881213
1.1518608035366749e-11	0.16643632300266534	4.054505089455776e-11	1.1348477774611969e20	5.91824154232129e18	0.9798915638173488	0.0458437802733275	1.0000000000003813	1.0000000000000262	0.8909893570385696
1.1625188403280016e-11	0.16712844279580574	4.054505089455776e-11	1.1370280754439864e20	5.914756726316219e18	0.9798894768601819	0.04589417527382818	1.0000000000007063	1.0000000000000524	0.8897430840011145
1.1732754947195546e-11	0.16782388828204456	4.054505089455776e-11	1.13921084190353e20	5.911257004736122e18	0.9798873307952309	0.045944488161999496	1.0000000000012208	1.0000000000000966	0.8884968483539721
1.184131679208759e-11	0.1685226736259215	4.054505089455776e-11	1.1413960559013293e20	5.907742468571087e18	0.9798851259674697	0.045994718962951625	1.00000000000202	1.000000000000163	0.8872506696662344
1.1950883147362694e-11	0.1692248130620993	4.054505089455776e-11	1.1435836963574922e20	5.90421320898819e18	0.9798828627220775	0.046044867700875035	1.0000000000032998	1.0000000000002673	0.886004567397701
1.2061463307641047e-11	0.16993032089564367	4.054505089455776e-11	1.1457737420509718e20	5.900669317324628e18	0.9798805414044514	0.046094934399059886	1.0000000000052804	1.0000000000004314	0.8847585608986573
1.2173066653544745e-11	0.170639211502286	4.054505089455776e-11	1.1479661716198153e20	5.897110885081047e18	0.979878162360157	0.04614491907991632	1.0000000000083091	1.0000000000006855	0.8835126694097086
1.2285702652493868e-11	0.1713514993286999	4.054505089455776e-11	1.1501609635614258e20	5.893538003914871e18	0.9798757259349378	0.0461948217649919	1.0000000000129097	1.0000000000010725	0.8822669120615755
1.2399380859509401e-11	0.17206719889277586	4.054505089455776e-11	1.1523580962328676e20	5.889950765633734e18	0.9798732324746722	0.04624464247499348	1.0000000000197344	1.0000000000016533	0.8810213078749273
1.2514110918023901e-11	0.17278632478389314	4.054505089455776e-11	1.1545575478511518e20	5.88634926218902e18	0.9798706823253738	0.04629438122980217	1.000000000029742	1.0000000000025073	0.8797758757601801
1.2629902560699356e-11	0.17350889166319833	4.054505089455776e-11	1.156759296493569e20	5.882733585669459e18	0.9798680758331587	0.04634403804849813	1.0000000000440643	1.0000000000037328	0.8785306345173219
1.2746765610253119e-11	0.17423491426388482	4.054505089455776e-11	1.1589633200980453e20	5.879103828294798e18	0.9798654133442433	0.046393612949377695	1.000000000064095	1.0000000000054496	0.8772856028357151
1.2864709980290977e-11	0.17496440739147648	4.054505089455776e-11	1.1611695964634792e20	5.875460082409557e18	0.979862695204908	0.046443105949972155	1.0000000000914557	1.0000000000077918	0.8760407992938923
1.2983745676148235e-11	0.1756973859241167	4.054505089455776e-11	1.1633781032501762e20	5.871802440476801e18	0.9798599217614922	0.046492517067071935	1.0000000001278424	1.0000000000109086	0.8747962423593708
1.3103882795738265e-11	0.17643386478338957	4.054505089455776e-11	1.1655888174610819e20	5.86813099527403e18	0.9798570933540482	0.04654184632685391	1.0000000001751639	1.0000000000149567	0.873551950436223
1.3225131530409442e-11	0.17717385905129426	4.054505089455776e-11	1.167801717499283e20	5.864445839086539e18	0.9798542103414044	0.046591093724810045	1.0000000002355027	1.0000000000201137	0.8723079416754137
1.3347502165809474e-11	0.17791738379714794	4.054505089455776e-11	1.1700167801113118e20	5.860747064892232e18	0.9798512730638351	0.046640259285386586	1.0000000003112934	1.0000000000265785	0.8710642342565248
1.3471005082758049e-11	0.17866445419235186	4.054505089455776e-11	1.1722339824070697e20	5.857034765568779e18	0.9798482818677119	0.04668934302259579	1.0000000004054959	1.0000000000346	0.8698208462012436
1.3595650758127232e-11	0.17941508548229762	4.054505089455776e-11	1.1744533013599293e20	5.85330903408311e18	0.979845237099376	0.04673834494980138	1.000000000521895	1.000000000044488	0.8685777954194348
1.3721449765730557e-11	0.18016929304118573	4.054505089455776e-11	1.1766747138874864e20	5.849569963217888e18	0.9798421391044686	0.04678726508344512	0.9999999999997122	0.9999999999999781	0.8673350995569574
1.3848412777219796e-11	0.18092709216887148	4.054505089455776e-11	1.1788981965524702e20	5.845817646566074e18	0.9798389882303218	0.04683610342922712	0.9999999999995839	0.9999999999999704	0.8660927765637169
1.3976550562990355e-11	0.1816884983776073	4.054505089455776e-11	1.1811237259853003e20	5.842052177116143e18	0.9798357848225604	0.04688486000162999	0.9999999999994195	0.999999999999958	0.8648508438921956
1.4105873993094709e-11	0.18245352721226896	4.054505089455776e-11	1.1833512786192373e20	5.838273648133044e18	0.9798325292271879	0.046933534811669	0.999999999999163	0.9999999999999403	0.8636093190015894
1.4236394038164866e-11	0.1832221942932521	4.054505089455776e-11	1.185580830753745e20	5.834482152943013e18	0.979829221790099	0.04698212786981399	0.9999999999988506	0.9999999999999135	0.8623682192381735
1.436812177034278e-11	0.18399451531677846	4.054505089455776e-11	1.1878123585551022e20	5.830677784928197e18	0.9798258628570427	0.04703063918601628	0.9999999999983377	0.9999999999998747	0.861127561835106
1.4501068364219735e-11	0.18477050605498127	4.054505089455776e-11	1.190045838056701e20	5.826860637522516e18	0.9798224527736086	0.04707906876970811	0.9999999999999732	0.9999999999999961	0.8598873639127655
1.463524509778406e-11	0.1855501823569264	4.054505089455776e-11	1.1922812451606864e20	5.823030804202845e18	0.9798189918852003	0.04712741662987172	0.9999999999999419	0.999999999999996	0.8586476424767377
1.4770663353378194e-11	0.18633356014793281	4.054505089455776e-11	1.1945185556371931e20	5.819188378488902e18	0.9798154805370439	0.047175682774996466	0.9999999999999286	0.9999999999999942	0.8574084144201167
1.4907334618664044e-11	0.187120655430478	4.054505089455776e-11	1.19675774512587e20	5.815333453935155e18	0.9798119190741443	0.04722386721313773	0.9999999999999104	0.9999999999999931	0.8561696965217914
1.5045270487597602e-11	0.18791148428436122	4.054505089455776e-11	1.1989987891363607e20	5.81146612412661e18	0.9798083078412825	0.04727196995192599	0.9999999999998708	0.9999999999999911	0.85493150544661
1.518448266141223e-11	0.18870606286699879	4.054505089455776e-11	1.2012416630489584e20	5.807586482673992e18	0.9798046471829903	0.047319990998587025	0.9999999999998527	0.9999999999999886	0.8536938577452073
1.5324982949611653e-11	0.1895044074137458	4.054505089455776e-11	1.2034863421153696e20	5.803694623208841e18	0.9798009374435397	0.04736793035996154	0.9999999999998308	0.9999999999999868	0.8524567698538013
1.5466783270971522e-11	0.19030653423819086	4.054505089455776e-11	1.2057328014594063e20	5.799790639378875e18	0.9797971789669302	0.047415788042527905	0.9999999999997512	0.9999999999999812	0.8512202580940087
1.5609895654550638e-11	0.1911124597324677	4.054505089455776e-11	1.2079810160777267e20	5.795874624843291e18	0.9797933720968578	0.047463564052412664	0.999999999999691	0.9999999999999764	0.849984338672678
1.575433224071111e-11	0.191922200367547	4.054505089455776e-11	1.210230960840595e20	5.791946673268268e18	0.9797895171767089	0.04751125839541788	0.9999999999998657	0.9999999999999886	0.8487490276817254
1.5900105282148632e-11	0.1927357727070943	4.054505089455776e-11	1.2124826105122485e20	5.788006878263977e18	0.9797856145493865	0.04755887107788603	0.9999999998467529	0.9999999999842174	0.8475143410601361
1.6047227144931625e-11	0.19355319334031146	4.054505089455776e-11	1.2147359396541044e20	5.784055333671199e18	0.9797816645580846	0.04760640210248769	1.000000000000015	1.0000000000000004	0.8462802947822625
1.6195710309550338e-11	0.19437447903845564	4.054505089455776e-11	1.2169909228500032e20	5.780092132873614e18	0.979777667544412	0.04765385147805757	0.9999999997580972	0.9999999999811175	0.8450469044285802
1.6345567371975642e-11	0.19519964652648295	4.054505089455776e-11	1.2192475343828358e20	5.776117369821868e18	0.97977362385114	0.04770121920517848	0.9999999998531437	0.9999999999884881	0.8438141857921516
1.6496811044727283e-11	0.1960287127088086	4.054505089455776e-11	1.2215057485506144e20	5.77213113798558e18	0.9797695338194325	0.04774850529050277	0.9999999998945868	0.9999999999917021	0.8425821543026607
1.6649454157952717e-11	0.19686169453317248	4.054505089455776e-11	1.2237655394782901e20	5.768133530993714e18	0.9797653977904939	0.04779570973808066	0.9999999999165002	0.9999999999933993	0.841350825365565
1.6803509660515286e-11	0.1976986090304481	4.054505089455776e-11	1.2260268811731706e20	5.764124642441897e18	0.9797612161050989	0.04784283255190016	0.9999999999294396	0.9999999999943998	0.8401202142649513
1.6958990621092483e-11	0.19853947331345892	4.054505089455776e-11	1.2282897475236944e20	5.760104565895562e18	0.9797569891035571	0.0478898737358097	0.9999999999375813	0.9999999999950276	0.8388903361670476
1.7115910229284994e-11	0.19938430457694545	4.054505089455776e-11	1.230554112299916e20	5.756073394887646e18	0.9797527171257316	0.04793683329351038	0.9999999999428933	0.9999999999954317	0.8376612061209288
1.7274281796735308e-11	0.20023312009777053	4.054505089455776e-11	1.2328199491542329e20	5.752031222915206e18	0.9797484005110055	0.04798371122857116	0.9999999999463836	0.9999999999956957	0.836432839058614
1.7434118758257026e-11	0.20108593723520676	4.054505089455776e-11	1.2350872316223211e20	5.747978143435721e18	0.9797440395982835	0.04803050754444102	0.9999999999486313	0.999999999995858	0.8352052497949702
1.7595434672974617e-11	0.20194277343124312	4.054505089455776e-11	1.2373559331240722e20	5.743914249863347e18	0.9797396347259543	0.048077222244468636	0.9999999999499761	0.9999999999959499	0.8339784530275905
1.7758243225473378e-11	0.2028036462109136	4.054505089455776e-11	1.2396260269645781e20	5.739839635565145e18	0.9797351862319075	0.048123855331913754	0.999999999950661	0.9999999999959897	0.8327524633366079
1.7922558226960716e-11	0.2036685731826177	4.054505089455776e-11	1.2418974863351348e20	5.735754393857428e18	0.9797306944534958	0.04817040680997456	0.9999999999507683	0.9999999999959855	0.8315272951845213
1.8088393616437584e-11	0.20453757203845535	4.054505089455776e-11	1.2441702843142827e20	5.731658618002074e18	0.9797261597275106	0.04821687668179225	0.9999999999504648	0.9999999999959436	0.8303029629160114
1.8255763461880687e-11	0.20541066055455945	4.054505089455776e-11	1.2464443938688179e20	5.727552401202929e18	0.9797215823902008	0.04826326495047977	0.9999999999497887	0.9999999999958703	0.8290794807577637
1.8424681961436346e-11	0.20628785659143445	4.054505089455776e-11	1.2487197878548911e20	5.723435836602249e18	0.9797169627772324	0.04830957161913293	0.9999999999487835	0.9999999999957715	0.8278568628182756
1.859516344462464e-11	0.2071691780942944	4.054505089455776e-11	1.2509964390190634e20	5.719309017277197e18	0.9797123012236805	0.04835579669084728	0.9999999999475019	0.9999999999956499	0.8266351230876645
1.876722237355506e-11	0.20805464309339947	4.054505089455776e-11	1.253274319999414e20	5.715172036236431e18	0.9797075980640159	0.048401940168738854	0.9999999999459629	0.9999999999955035	0.8254142754374796
1.8940873344153426e-11	0.20894426970440294	4.054505089455776e-11	1.255553403326631e20	5.711024986416666e18	0.9797028536320861	0.04844800205595661	0.9999999999442074	0.9999999999953361	0.8241943336205233
1.9116131087399768e-11	0.2098380761286958	4.054505089455776e-11	1.2578336614251797e20	5.706867960679326e18	0.9796980682611119	0.04849398235570239	0.9999999999422063	0.9999999999951519	0.8229753112706607
1.9293010470578425e-11	0.21073608065374377	4.054505089455776e-11	1.260115066614405e20	5.702701051807329e18	0.9796932422836718	0.048539881071244254	0.9999999999400366	0.9999999999949478	0.8217572219026256
1.9471526498538945e-11	0.21163830165345168	4.054505089455776e-11	1.2623975911097269e20	5.698524352501721e18	0.9796883760316694	0.048585698205934606	0.9999999999376662	0.9999999999947279	0.8205400789118369
1.965169431496913e-11	0.2125447575884945	4.054505089455776e-11	1.264681207023804e20	5.694337955378616e18	0.9796834698363455	0.04863143376322629	0.9999999999351429	0.9999999999944899	0.8193238955742107
1.9833529203679344e-11	0.21345546700668105	4.054505089455776e-11	1.2669658863677188e20	5.690141952965962e18	0.979678524028248	0.04867708774668813	0.9999999999324606	0.9999999999942377	0.8181086850459822
2.0017046589899563e-11	0.2143704485433005	4.054505089455776e-11	1.2692516010522072e20	5.685936437700505e18	0.9796735389372238	0.0487226601600202	0.9999999999296633	0.9999999999939708	0.8168944603635172
2.0202262041587567e-11	0.2152897209214877	4.054505089455776e-11	1.2715383228888795e20	5.681721501924676e18	0.9796685148924124	0.0487681510070705	0.9999999999267132	0.9999999999936928	0.8156812344431122
2.0389191270749764e-11	0.21621330295256666	4.054505089455776e-11	1.2738260235914466e20	5.677497237883678e18	0.9796634522222082	0.04881356029184582	0.9999999999237058	0.9999999999933993	0.814469020080824
2.057785013477372e-11	0.2171412135364154	4.054505089455776e-11	1.276114674776993e20	5.673263737722488e18	0.9796583512542848	0.048858888018536564	0.9999999999206092	0.9999999999930941	0.813257829952303
2.0768254637773846e-11	0.21807347166183072	4.054505089455776e-11	1.2784042479672436e20	5.66902109348294e18	0.9796532123155507	0.04890413419152166	0.9999999999174564	0.9999999999927798	0.8120476766125742
2.096042093194872e-11	0.219010096406886	4.054505089455776e-11	1.2806947145898503e20	5.664769397100897e18	0.9796480357321505	0.04894929881538776	0.9999999999142795	0.9999999999924538	0.8108385724958814
2.1154365318951456e-11	0.21995110693929665	4.054505089455776e-11	1.282986045979699e20	5.660508740403418e18	0.9796428218294476	0.04899438189494517	0.9999999999110866	0.9999999999921179	0.8096305299155064
2.1350104251272255e-11	0.22089652251678615	4.054505089455776e-11	1.2852782133802174e20	5.656239215106004e18	0.9796375709320206	0.04903938343523881	0.9999999999079191	0.9999999999917707	0.8084235610635723
2.154765433363459e-11	0.22184636248746006	4.054505089455776e-11	1.2875711879447223e20	5.651960912809825e18	0.979632283363638	0.049084303441566154	0.9999999999047523	0.9999999999914073	0.807217678010879
2.1747032324403465e-11	0.22280064629017177	4.054505089455776e-11	1.2898649407377457e20	5.647673924999075e18	0.9796269594472528	0.049129141919487786	0.9999999999015851	0.9999999999910286	0.8060128927067319
2.194825513700721e-11	0.22375939345489465	4.054505089455776e-11	1.2921594427364306e20	5.64337834303833e18	0.9796215995049984	0.049173898874843316	0.9999999998984201	0.9999999999906227	0.8048092169787403
2.215133984137192e-11	0.22472262360310116	4.054505089455776e-11	1.2944546648318634e20	5.639074258169921e18	0.9796162038581548	0.049218574313765195	0.9999999998951903	0.9999999999901745	0.8036066625326664
2.2356303665370032e-11	0.22569035643702673	4.054505089455776e-11	1.2967505778172022e20	5.634761761554737e18	0.9796107728273038	0.04926316824208113	0.9999999999999198	0.9999999999999939	0.8024052409768282
2.256316399628144e-11	0.2266626117840684	4.054505089455776e-11	1.299047152441764e20	5.630440944097373e18	0.9796053067317414	0.049307680667747884	0.9999999999999315	0.999999999999993	0.8012049637246332
2.277193838226865e-11	0.22763940953172615	4.054505089455776e-11	1.301344359334056e20	5.626111896700552e18	0.9795998058903023	0.04935211159726317	0.9999999999999424	0.9999999999999932	0.8000058421389424
2.2982644533865035e-11	0.22862076967123265	4.054505089455776e-11	1.3036421690550462e20	5.62177471009246e18	0.9795942706207963	0.04939646103805876	0.999999999999938	0.999999999999995	0.7988078874364354
2.31953003254778e-11	0.22960671228721136	4.054505089455776e-11	1.3059405520867546e20	5.617429474866687e18	0.9795887012401467	0.04944072899792495	0.9999999999999467	0.9999999999999947	0.7976111107111017
2.3409923796903903e-11	0.23059725755806487	4.054505089455776e-11	1.3082394788336787e20	5.613076281479825e18	0.9795830980643586	0.04948491548502141	1.0000000000000295	1.0000000000000033	0.7964155229341021
2.362653315486059e-11	0.23159242575638828	4.054505089455776e-11	1.3105389196243196e20	5.608715220249055e18	0.9795774614085204	0.049529020507891146	1.0000000000000535	1.0000000000000053	0.7952211349535228
2.38451467745295e-11	0.2325922372492998	4.054505089455776e-11	1.3128388447126086e20	5.604346381350522e18	0.9795717915867941	0.049573044075467664	1.0000000000002818	0.9999999999997492	0.7940279574940686
2.4065783201116015e-11	0.23359671249896677	4.054505089455776e-11	1.3151392242794884e20	5.59996985481436e18	0.979566088912403	0.04961698619709689	1.0000000000000633	1.0000000000000013	0.792836001158116
2.42884611514221e-11	0.23460587206277672	4.054505089455776e-11	1.3174400284342559e20	5.595585730527737e18	0.9795603536976119	0.049660846882534825	0.9999999999999913	1.0000000000000004	0.7916452764230437
2.451319951543426e-11	0.23561973659393537	4.054505089455776e-11	1.3197412272162537e20	5.591194098227521e18	0.9795545862537363	0.049704626141970236	0.9999999999999912	1.0000000000000018	0.7904557936436182
2.4740017357925585e-11	0.23663832684179636	4.054505089455776e-11	1.3220427905963357e20	5.586795047500543e18	0.9795487868911137	0.04974832398602967	1.0000000000000129	1.000000000000001	0.789267563050538
2.4968933920073638e-11	0.2376616636522499	4.054505089455776e-11	1.324344688478384e20	5.582388667781129e18	0.97954295591911	0.04979194042579457	1.0000000000000366	1.0000000000000029	0.7880805947505923
2.5199968621092316e-11	0.23868976796814334	4.054505089455776e-11	1.3266468907009248e20	5.577975048348922e18	0.9795370936460824	0.04983547547280481	1.0000000000000697	1.0000000000000069	0.7868948987264833
2.5433141059879385e-11	0.2397226608296779	4.054505089455776e-11	1.3289493670386365e20	5.573554278326888e18	0.9795312003794088	0.049878929139072894	1.0000000000001477	1.0000000000000133	0.7857104848367016
2.5668471016678665e-11	0.24076036337481893	4.054505089455776e-11	1.3312520872039614e20	5.569126446679268e18	0.9795252764254492	0.04992230143709649	1.0000000000002578	1.0000000000000249	0.7845273628153806
2.5905978454758645e-11	0.2418028968397078	4.054505089455776e-11	1.3335550208486844e20	5.564691642209588e18	0.9795193220895367	0.049965592379863186	1.0000000000004596	1.0000000000000437	0.7833455422721712
2.614568352210554e-11	0.2428502825590746	4.054505089455776e-11	1.3358581375655467e20	5.560249953558695e18	0.9795133376759969	0.050008801980865436	1.0000000000007707	1.0000000000000753	0.7821650326920986
2.638760655313271e-11	0.24390254196664468	4.054505089455776e-11	1.3381614068898265e20	5.555801469202866e18	0.9795073234880951	0.05005193025410628	1.000000000001309	1.0000000000001263	0.7809858434354434
2.663176807040519e-11	0.2449596965955651	4.054505089455776e-11	1.3404647983009898e20	5.551346277451867e18	0.9795012798280692	0.050094977214113254	1.0000000000021263	1.0000000000002067	0.7798079837376067
2.68781887863813e-11	0.24602176807881193	4.054505089455776e-11	1.3427682812242967e20	5.546884466447134e18	0.9794952069970945	0.05013794287594217	1.000000000003426	1.000000000000331	0.7786314627090112
2.7126889605169277e-11	0.24708877814961788	4.054505089455776e-11	1.345071825032472e20	5.5424161241599e18	0.9794891052952789	0.05018082725519125	1.0000000000054068	1.0000000000005245	0.777456289334963
2.7377891624300787e-11	0.24816074864189155	4.054505089455776e-11	1.3473753990473128e20	5.537941338389403e18	0.9794829750216738	0.050223630368006984	1.0000000000083602	1.0000000000008178	0.7762824724755536
2.7631216136520228e-11	0.2492377014906283	4.054505089455776e-11	1.3496789725413699e20	5.53346019676117e18	0.979476816474235	0.050266352231093415	1.0000000000127633	1.000000000001253	0.7751100208655565
2.7886884631591664e-11	0.25031965873234957	4.054505089455776e-11	1.3519825147396106e20	5.528972786725197e18	0.9794706299498356	0.05030899286171906	1.0000000000192484	1.0000000000018965	0.7739389431143269
2.8144918798121394e-11	0.2514066425055165	4.054505089455776e-11	1.35428599482109e20	5.524479195554289e18	0.979464415744263	0.05035155227772788	1.0000000000286564	1.0000000000028346	0.7727692477057051
2.8405340525398032e-11	0.2524986750509523	4.054505089455776e-11	1.3565893819206227e20	5.519979510342399e18	0.9794581741521864	0.05039403049754418	1.0000000000421974	1.000000000004188	0.7716009429979424
2.866817190524894e-11	0.2535957787122694	4.054505089455776e-11	1.3588926451304695e20	5.515473818002964e18	0.9794519054671775	0.050436427540180837	1.0000000000614777	1.0000000000061222	0.7704340372236245
2.8933435233914983e-11	0.2546979759362856	4.054505089455776e-11	1.36119575350203e20	5.510962205267331e18	0.979445609981676	0.0504787434252459	1.0000000000887062	1.0000000000088685	0.7692685384896171
2.9201153013941496e-11	0.25580528927344	4.054505089455776e-11	1.3634986760475348e20	5.506444758683214e18	0.9794392879870153	0.05052097817294956	1.0000000001268652	1.0000000000127316	0.76810445477701
2.9471347956087416e-11	0.25691774137821116	4.054505089455776e-11	1.3658013817417168e20	5.501921564613146e18	0.9794329397733763	0.05056313180410908	1.0000000001799247	1.0000000000181268	0.766941793941093
2.974404298125139e-11	0.25803535500951147	4.054505089455776e-11	1.3681038395235338e20	5.497392709233092e18	0.9794265656298136	0.050605204340153497	1.000000000253255	1.0000000000256093	0.7657805637113468
3.001926122241688e-11	0.2591581530310955	4.054505089455776e-11	1.3704060182978365e20	5.492858278530987e18	0.9794201658442361	0.05064719580313293	1.0000000003538527	1.0000000000359217	0.7646207716914619
3.029702602661411e-11	0.2602861584119287	4.054505089455776e-11	1.372707886937047e20	5.488318358305485e18	0.9794137407033948	0.05068910621571458	1.0000000004911207	1.0000000000500469	0.7634624253593854
3.05773609569008e-11	0.2614193942265721	4.054505089455776e-11	1.3750094142828523e20	5.483773034164617e18	0.9794072904929031	0.05073093560119263	1.0000000006772667	1.0000000000692821	0.7623055320673965
3.0860289794360635e-11	0.2625578836555157	4.054505089455776e-11	1.3773105691478506e20	5.479222391524705e18	0.9794008154971804	0.050772683983484564	1.0000000009283263	1.000000000095336	0.7611500990422418
3.1145836540121285e-11	0.26370165013772917	4.054505089455776e-11	1.379611320469065e20	5.474666515109388e18	0.979394315997729	0.05081435139420902	1.0000000000001856	1.0000000000000198	0.7599961331002612
3.143402541739003e-11	0.2648507168170493	4.054505089455776e-11	1.3819116367558092e20	5.470105490771525e18	0.9793877922795756	0.05085593784689663	1.0000000000002376	1.0000000000000273	0.7588436416863523
3.172488087350884e-11	0.26600510730916427	4.054505089455776e-11	1.3842114868588282e20	5.465539402965598e18	0.9793812446222852	0.05089744337272066	1.0000000000003055	1.0000000000000357	0.7576926314350815
3.201842758202777e-11	0.26716484522679707	4.054505089455776e-11	1.3865108394957439e20	5.460968336314522e18	0.9793746733055516	0.05093886799833486	1.000000000000413	1.00000000000005	0.7565431090635001
3.231469044479881e-11	0.26832995429140705	4.054505089455776e-11	1.3888096633644355e20	5.45639237524087e18	0.9793680786078537	0.05098021175106486	1.0000000000005578	1.0000000000000677	0.7553950811620018
3.261369459408782e-11	0.2695004583336431	4.054505089455776e-11	1.3911079271448073e20	5.451811603965593e18	0.9793614608064809	0.051021474658917494	1.0000000000007352	1.0000000000000888	0.7542485541943306
3.2915465394706794e-11	0.2706763812938227	4.054505089455776e-11	1.3934055995005924e20	5.447226106506656e18	0.979354820177515	0.05106265675058331	1.0000000000009501	1.0000000000001188	0.7531035344975416
3.3220028446165034e-11	0.2718577472223979	4.054505089455776e-11	1.3957026490811562e20	5.442635966677766e18	0.9793481569958074	0.05110375805544151	1.00000000000126	1.000000000000157	0.7519600282819752
3.3527409584841576e-11	0.2730445802804498	4.054505089455776e-11	1.3979990445233027e20	5.438041268087003e18	0.9793414715350144	0.0511447786035672	1.0000000000016258	1.000000000000205	0.7508180416312376
3.383763488617642e-11	0.27423690474015483	4.054505089455776e-11	1.4002947544530969e20	5.433442094135603e18	0.9793347640675545	0.051185718425731073	1.0000000000020925	1.0000000000002678	0.7496775805022011
3.4150730666882756e-11	0.27543474498527615	4.054505089455776e-11	1.4025897474876537e20	5.428838528016672e18	0.979328034864616	0.05122657755340733	1.0000000000026585	1.0000000000003486	0.7485386507249789
3.4466723487178924e-11	0.27663812551164424	4.054505089455776e-11	1.4048839922370013e20	5.424230652713961e18	0.9793212841961659	0.05126735601877424	1.000000000003368	1.0000000000004492	0.7474012580029425
3.4785640153042334e-11	0.2778470709276466	4.054505089455776e-11	1.4071774573058512e20	5.41961855100064e18	0.9793145123309183	0.05130805385472159	1.0000000000042488	1.000000000000578	0.7462654079127256
3.510750771848294e-11	0.27906160595472745	4.054505089455776e-11	1.409470111295479e20	5.415002305438068e18	0.9793077195363573	0.05134867109485232	1.00000000000528	1.0000000000007352	0.7451311059042077
3.543235348783849e-11	0.2802817554278664	4.054505089455776e-11	1.4117619228055015e20	5.410381998374658e18	0.9793009060787218	0.05138920777348465	1.0000000000065226	1.0000000000009304	0.7439983573005724
3.5760205018090236e-11	0.28150754429608843	4.054505089455776e-11	1.4140528604357501e20	5.405757711944658e18	0.9792940722229841	0.05142966392565644	1.0000000000079912	1.0000000000011722	0.7428671672983048
3.609109012120147e-11	0.2827389976229615	4.054505089455776e-11	1.4163428927880947e20	5.401129528067009e18	0.979287218232886	0.051470039587130804	1.0000000000096416	1.000000000001463	0.7417375409672099
3.6425036866476255e-11	0.28397614058862974	4.054505089455776e-11	1.4186319884702579e20	5.396497528440417e18	0.9792803443708766	0.05151033479444666	0.9999999999999978	0.9999999999999987	0.7406094832472575
3.6762073582940905e-11	0.28521899848446597	4.054505089455776e-11	1.4209201160901566e20	5.39186179455688e18	0.9792734508981892	0.051550549584719156	1.0000000000000082	0.9999999999999987	0.7394829989607953
3.7102228861746506e-11	0.2864675967219593	4.054505089455776e-11	1.4232072442684169e20	5.387222407679449e18	0.9792665380747597	0.05159068399594084	0.9999999999999819	1.0000000000000004	0.7383580927952268
3.7445531558595283e-11	0.28772196082787654	4.054505089455776e-11	1.4254933416334357e20	5.382579448854733e18	0.9792596061592579	0.0516307380667872	1.0000000000000204	1.0000000000000009	0.7372347693141031
3.779201079618782e-11	0.2889821164460822	4.054505089455776e-11	1.4277783768248756e20	5.377932998908439e18	0.979252655409089	0.05167071183667356	0.9999999999999885	0.9999999999999994	0.736113032954529
3.814169596669389e-11	0.29024808933801294	4.054505089455776e-11	1.430062318495463e20	5.373283138444486e18	0.9792456860803781	0.05171060534574646	1.0000000000000053	1.0000000000000004	0.7349928880272646
3.84946167342452e-11	0.29151990538323164	4.054505089455776e-11	1.432345135312862e20	5.368629947843827e18	0.979238698427974	0.051750418634895434	0.9999999999999994	1.0000000000000002	0.7338743387167583
3.885080303745276e-11	0.29279759057992977	4.054505089455776e-11	1.4346267959615187e20	5.36397350726349e18	0.9792316927054417	0.05179015174574675	1.000000000000013	0.9999999999999999	0.7327573890812571
3.9210285091945974e-11	0.29408117104546094	4.054505089455776e-11	1.4369072691445011e20	5.359313896635539e18	0.9792246691650688	0.05182980472067145	0.9999999999999923	1.	0.7316420430528683
3.9573093392936195e-11	0.29537067301685793	4.054505089455776e-11	1.4391865235853538e20	5.3546511956661e18	0.9792176280578462	0.05186937760277993	1.000000000000002	1.0000000000000002	0.7305283044376705
3.9939258717802983e-11	0.2966661228513789	4.054505089455776e-11	1.4414645280299442e20	5.349985483834327e18	0.9792105696334832	0.05190887043592767	0.999999999999999	0.9999999999999986	0.7294161769157992
4.0308812128706e-11	0.29796754702702605	4.054505089455776e-11	1.443741251248294e20	5.345316840391471e18	0.9792034941403933	0.0519482832647159	0.9999999999999697	0.9999999999999993	0.7283056640415609
4.068178497521935e-11	0.2992749721430762	4.054505089455776e-11	1.4460166620364289e20	5.340645344359964e18	0.9791964018257013	0.05198761613448868	1.0000000000000069	1.0000000000000022	0.7271967692435485
4.105820889699135e-11	0.30058842492064697	4.054505089455776e-11	1.448290729218251e20	5.335971074532349e18	0.9791892929352314	0.052026869091338405	1.0000000000000577	1.0000000000000064	0.7260894958247428
4.143811582642788e-11	0.3019079322032108	4.054505089455776e-11	1.450563421647347e20	5.331294109470456e18	0.9791821677135151	0.052066042182103624	1.0000000000001252	1.0000000000000204	0.7249838469626673
4.1821537991402227e-11	0.30323352095714495	4.054505089455776e-11	1.4528347082088386e20	5.32661452750447e18	0.9791750264037747	0.05210513545436739	1.0000000000003046	1.0000000000000493	0.7238798257095038
4.220850791798836e-11	0.30456521827228633	4.054505089455776e-11	1.45510455782123e20	5.321932406731987e18	0.9791678692479409	0.052144148956461495	1.000000000000634	1.0000000000001044	0.7227774349922415
4.259905843322047e-11	0.3059030513624596	4.054505089455776e-11	1.4573729394382317e20	5.3172478250172e18	0.9791606964866397	0.05218308273746388	1.0000000000013023	1.0000000000002145	0.7216766776128508
4.2993222667877036e-11	0.30724704756604654	4.054505089455776e-11	1.4596398220506055e20	5.312560859989937e18	0.9791535083591862	0.052221936847196414	1.0000000000025613	1.0000000000004206	0.7205775562484192
4.3391034059292384e-11	0.3085972343465153	4.054505089455776e-11	1.4619051746879619e20	5.307871589044891e18	0.9791463051036002	0.0522607113362297	1.0000000000048326	1.0000000000007991	0.7194800734513599
4.3792526354192504e-11	0.30995363929295816	4.054505089455776e-11	1.4641689664206e20	5.303180089340786e18	0.9791390869565884	0.05229940625587468	1.0000000000089653	1.0000000000014908	0.7183842316496278
4.4197733611558185e-11	0.3113162901206282	4.054505089455776e-11	1.4664311663612884e20	5.298486437799587e18	0.9791318541535537	0.05233802165818783	1.0000000000162967	1.0000000000027245	0.7172900331469306
4.460669020551353e-11	0.31268521467143784	4.054505089455776e-11	1.4686917436670548e20	5.29379071110579e18	0.9791246069285869	0.05237655759596207	1.0000000000292009	1.000000000004916	0.7161974801230734
4.501943082824306e-11	0.31406044091443436	4.054505089455776e-11	1.4709506675409078e20	5.28909298570578e18	0.9791173455144736	0.052415014122726304	1.0000000000516618	1.0000000000087625	0.7151065746342958
4.543599049293392e-11	0.3154419969461788	4.054505089455776e-11	1.4732079072335267e20	5.284393337807404e18	0.9791100701426969	0.05245339129273761	1.0000000000905513	1.000000000015478	0.714017318613859
4.5856404536746496e-11	0.31682991099100744	4.054505089455776e-11	1.4754634320447845e20	5.279691843379713e18	0.9791027810434273	0.05249168916096643	1.0000000001577656	1.000000000027204	0.7129297138728775
4.6280708623811314e-11	0.31822421140091045	4.054505089455776e-11	1.4777172113250186e20	5.274988578153559e18	0.9790954784455488	0.052529907783074536	1.0000000002748046	1.0000000000478155	0.7118437621018413
4.670893874825562e-11	0.31962492672570597	4.054505089455776e-11	1.479969214535489e20	5.270283617481164e18	0.9790881625759665	0.05256804721789097	1.0000000000000697	1.0000000000000089	0.7107594647365019
4.714113123725601e-11	0.3210320854827084	4.054505089455776e-11	1.4822194110549977e20	5.265577036800694e18	0.9790808336618486	0.05260610751916512	1.000000000000146	1.0000000000000184	0.7096768234039593
4.757732275412032e-11	0.3224457164581894	4.054505089455776e-11	1.484467770436416e20	5.260868911027521e18	0.9790734919277124	0.05264408874632321	1.0000000000003444	1.000000000000043	0.7085958393419166
4.801755030139799e-11	0.32386584852956596	4.054505089455776e-11	1.4867142622572528e20	5.256159314914689e18	0.979066137597159	0.052681990958082035	1.000000000000821	1.0000000000001033	0.7075165137434324
4.846185122401824e-11	0.325292510694547	4.054505089455776e-11	1.4889588561466746e20	5.251448322995774e18	0.9790587708925966	0.0527198142134662	1.0000000000804266	1.000000000012449	0.7064388477000016
4.891026321245926e-11	0.3267257321197561	4.054505089455776e-11	1.491201521823981e20	5.246736009480072e18	0.9790513920347366	0.0527575585735388	1.0000000000745588	1.0000000000118026	0.7053628421175836
4.9362824305944944e-11	0.3281655420678075	4.054505089455776e-11	1.493442229044098e20	5.242022448412032e18	0.9790440012433836	0.05279522409874342	1.000000000068903	1.000000000011168	0.7042884978455632
4.9819572895671194e-11	0.32961196994784087	4.054505089455776e-11	1.495680947637668e20	5.237307713561222e18	0.979036598736879	0.05283281085070777	1.0000000000637135	1.0000000000105889	0.7032158155898011
5.028054772806386e-11	0.3310650453034693	4.054505089455776e-11	1.4979176475029982e20	5.2325918784495e18	0.9790291847322612	0.05287031889178472	1.0000000000590004	1.0000000000100757	0.7021447959349785
5.0745787908064876e-11	0.33252479781335986	4.054505089455776e-11	1.500152298607909e20	5.227875016350385e18	0.9790217594452644	0.05290774828504481	1.0000000000548048	1.000000000009622	0.701075439344931
5.121533290244974e-11	0.33399125729183277	4.054505089455776e-11	1.502384870991372e20	5.22315720028839e18	0.9790143230903006	0.052945099094276214	1.0000000000512117	1.0000000000092448	0.7000077461630045
5.168922254317573e-11	0.3354644536894952	4.054505089455776e-11	1.5046153347653288e20	5.218438503038294e18	0.9790068758804784	0.05298237138398127	1.0000000000482732	1.0000000000089628	0.6989417166123175
5.2167497030760077e-11	0.33694441709382345	4.054505089455776e-11	1.5068436601163724e20	5.213718997124593e18	0.9789994180276038	0.053019565219371574	1.0000000000462441	1.0000000000088143	0.6978773507961297
5.2650196937691416e-11	0.33843117772978865	4.054505089455776e-11	1.509069817307488e20	5.208998754820782e18	0.9789919497421631	0.05305668066636707	1.0000000000455427	1.000000000008892	0.6968146486981991
5.313736321187104e-11	0.33992476596044596	4.054505089455776e-11	1.5112937766797515e20	5.204277848148775e18	0.9789844712333485	0.05309371779159066	1.0000000000469949	1.0000000000093812	0.6957536101831605
5.362903718008583e-11	0.3414252122751191	4.054505089455776e-11	1.513515508658529e20	5.199556349004044e18	0.978976982709285	0.053130676661696456	1.0000000001379585	0.9999999999516543	0.6946942349483607
5.412526055151538e-11	0.3429325473614087	4.054505089455776e-11	1.5157349837389998e20	5.194834328512054e18	0.978969484375766	0.05316755734701941	1.0000000000034308	1.0000000000004263	0.6936365227485839
5.462607542126935e-11	0.3444468019475134	4.054505089455776e-11	1.517952172509425e20	5.19011185833764e18	0.978961976438916	0.05320435991373383	1.0000000000031228	1.0000000000003841	0.6925804729785864
5.513152427395867e-11	0.34596800697566715	4.054505089455776e-11	1.52016704564137e20	5.185389009351651e18	0.978954459102408	0.053241084432187426	1.0000000000017908	1.0000000000002214	0.6915260850625985
5.5641649987299744e-11	0.3474961935139505	4.054505089455776e-11	1.522379573895252e20	5.180665852298875e18	0.9789469325688754	0.053277730972633976	0.9999999999703717	0.9999999999952828	0.6904733582664327
5.6156495835750923e-11	0.34903139275428946	4.054505089455776e-11	1.524589728107662e20	5.175942457704809e18	0.9789393970398281	0.05331429960540894	0.9999999999934361	0.9999999999988841	0.6894222917683012
5.667610549418487e-11	0.3505736360564298	4.054505089455776e-11	1.5267974792219568e20	5.171218895788531e18	0.9789318527152456	0.053350790402371194	0.9999999999974301	0.9999999999995421	0.6883728845889049
5.720052304159289e-11	0.35212295490907825	4.054505089455776e-11	1.529002798263521e20	5.166495236541405e18	0.9789242997939357	0.05338720343557588	0.9999999999987161	0.9999999999997587	0.6873251356557611
5.772979296482345e-11	0.3536793809352409	4.054505089455776e-11	1.5312056563448463e20	5.161771549715993e18	0.9789167384735274	0.053423538777435935	1.0000000000727345	1.0000000000116525	0.6862790437959456
5.826396016235748e-11	0.35524294592603417	4.054505089455776e-11	1.5334060246883923e20	5.157047904758547e18	0.9789091689501159	0.05345979650181118	1.0000000001492229	1.000000000026092	0.6852346076851874
5.880306994811619e-11	0.3568136818296027	4.054505089455776e-11	1.5356038746210193e20	5.152324370850915e18	0.9789015914184104	0.05349597668359119	1.000000000087525	1.0000000000110902	0.6841918258549236
5.934716805530536e-11	0.35839162069872393	4.054505089455776e-11	1.537799177539924e20	5.147601016961449e18	0.9788940060722211	0.0535320793969949	1.0000000000000067	0.999999999999999	0.6831506968114001
5.989630064029512e-11	0.35997679473143385	4.054505089455776e-11	1.5399919049429097e20	5.142877911837005e18	0.9788864131040914	0.05356810471684311	1.000000000005769	1.0000000000011995	0.6821112189232617
6.045051428653456e-11	0.36156923641284305	4.054505089455776e-11	1.5421820285166826e20	5.138155123678347e18	0.9788788127039904	0.05360405272308852	0.9999999993793226	0.9999999999031242	0.6810733902421604
6.100985600850479e-11	0.3631689779417987	4.054505089455776e-11	1.5443695197766615e20	5.133432721263578e18	0.978871205064601	0.05363992348250232	1.0000000000113916	1.0000000000014506	0.6800372093699419
6.157437325570659e-11	0.36477605229546023	4.054505089455776e-11	1.5465543507402857e20	5.128710771897639e18	0.97886359037154	0.05367571708253077	1.0000000000008171	1.0000000000001037	0.6790026738327145
6.214411391668482e-11	0.3663904921762337	4.054505089455776e-11	1.548736493263398e20	5.123989343442137e18	0.978855968813058	0.05371143359776689	0.9999999999998965	1.0000000000001714	0.6779697816913998
6.271912632309233e-11	0.3680123305463051	4.054505089455776e-11	1.5509159193786624e20	5.119268503284848e18	0.9788483405751162	0.05374707310692844	0.9999999999999682	0.9999999999999974	0.6769385307276026
6.329945925378902e-11	0.36964160051750666	4.054505089455776e-11	1.5530926012271267e20	5.114548318551853e18	0.9788407058424269	0.05378263568932892	0.9999999999986194	0.9999999999998067	0.6759089186140101
6.388516193898e-11	0.3712783353540663	4.054505089455776e-11	1.5552665110611365e20	5.109828856105322e18	0.9788330647984261	0.05381812142493361	0.9999999999875886	0.9999999999982238	0.6748809429103071
6.447628406439211e-11	0.372922568472949	4.054505089455776e-11	1.557437621245529e20	5.105110182542563e18	0.9788254176252807	0.0538535303943453	0.9999999999549294	0.9999999999934706	0.6738546010650518
6.507287577548781e-11	0.3745743334254876	4.054505089455776e-11	1.5596059042477598e20	5.10039236423269e18	0.9788177645040689	0.053888862678219	0.999999999995841	0.9999999999993576	0.6728298904427981
6.567498768172057e-11	0.37623366397225727	4.054505089455776e-11	1.5617713326840332e20	5.095675467173424e18	0.9788101056141122	0.0539241183595102	0.9999999998816054	0.9999999999817578	0.6718068082198831
6.628267086082738e-11	0.3779005939200696	4.054505089455776e-11	1.563933879221477e20	5.090959557295986e18	0.9788024411344272	0.053959297518530146	1.0000000000082832	1.0000000000050062	0.6707853516215144
6.689597686316093e-11	0.3795751573647725	4.054505089455776e-11	1.5660935167279992e20	5.086244700036805e18	0.9787947712416258	0.05399440024018447	0.9999999999979208	0.9999999999991974	0.6697655175578165
6.75149577160642e-11	0.38125738846670354	4.054505089455776e-11	1.568250218133637e20	5.081530960703198e18	0.9787870961118451	0.054029426607283736	0.9999999999974416	0.9999999999996381	0.6687473029847998